tilDreamy,160,224,320,0,32,32,0,1,1,4294967295
tilDreamy,192,224,320,0,32,32,0,1,1,4294967295
tilDreamy,224,224,320,0,32,32,0,1,1,4294967295
tilDreamy,256,224,320,0,32,32,0,1,1,4294967295
tilDreamy,288,224,320,0,32,32,0,1,1,4294967295
tilDreamy,320,224,320,0,32,32,0,1,1,4294967295
tilDreamy,352,224,320,0,32,32,0,1,1,4294967295
tilDreamy,384,224,320,0,32,32,0,1,1,4294967295
tilDreamy,160,256,288,64,32,32,0,1,1,4294967295
tilDreamy,160,288,288,64,32,32,0,1,1,4294967295
tilDreamy,192,256,288,64,32,32,0,1,1,4294967295
tilDreamy,224,256,288,64,32,32,0,1,1,4294967295
tilDreamy,256,256,288,64,32,32,0,1,1,4294967295
tilDreamy,288,256,288,64,32,32,0,1,1,4294967295
tilDreamy,320,256,288,64,32,32,0,1,1,4294967295
tilDreamy,352,256,288,64,32,32,0,1,1,4294967295
tilDreamy,384,256,288,64,32,32,0,1,1,4294967295
tilDreamy,384,288,288,64,32,32,0,1,1,4294967295
tilDreamy,352,288,288,64,32,32,0,1,1,4294967295
tilDreamy,320,288,288,64,32,32,0,1,1,4294967295
tilDreamy,288,288,288,64,32,32,0,1,1,4294967295
tilDreamy,256,288,288,64,32,32,0,1,1,4294967295
tilDreamy,224,288,288,64,32,32,0,1,1,4294967295
tilDreamy,192,288,288,64,32,32,0,1,1,4294967295
