tilSand,0,544,320,0,32,32,0,1,1,4294967295
tilSand,32,544,320,0,32,32,0,1,1,4294967295
tilSand,64,544,320,0,32,32,0,1,1,4294967295
tilSand,96,544,320,0,32,32,0,1,1,4294967295
tilSand,128,544,320,0,32,32,0,1,1,4294967295
tilSand,160,544,320,0,32,32,0,1,1,4294967295
tilSand,192,544,320,0,32,32,0,1,1,4294967295
tilSand,224,544,320,0,32,32,0,1,1,4294967295
tilSand,256,544,320,0,32,32,0,1,1,4294967295
tilSand,288,544,320,0,32,32,0,1,1,4294967295
tilSand,320,544,320,0,32,32,0,1,1,4294967295
tilSand,352,544,320,0,32,32,0,1,1,4294967295
tilSand,352,448,32,96,32,32,0,1,1,4294967295
tilSand,256,352,96,96,32,32,0,1,1,4294967295
tilSand,384,448,64,96,32,32,0,1,1,4294967295
tilSand,224,352,64,96,32,32,0,1,1,4294967295
tilSand,192,352,192,96,32,32,0,1,1,4294967295
tilSand,160,352,288,96,32,32,0,1,1,4294967295
tilSand,192,320,352,64,32,32,0,1,1,4294967295
tilSand,192,288,352,64,32,32,0,1,1,4294967295
tilSand,192,256,352,64,32,32,0,1,1,4294967295
tilSand,192,224,352,64,32,32,0,1,1,4294967295
tilSand,192,192,352,64,32,32,0,1,1,4294967295
tilSand,192,160,352,64,32,32,0,1,1,4294967295
tilSand,192,64,192,64,32,32,0,1,1,4294967295
tilSand,224,64,288,96,32,32,0,1,1,4294967295
tilSand,256,64,288,96,32,32,0,1,1,4294967295
tilSand,288,64,288,96,32,32,0,1,1,4294967295
tilSand,320,64,288,96,32,32,0,1,1,4294967295
tilSand,352,64,288,96,32,32,0,1,1,4294967295
tilSand,384,64,288,96,32,32,0,1,1,4294967295
tilSand,416,64,288,96,32,32,0,1,1,4294967295
tilSand,352,256,32,96,32,32,0,1,1,4294967295
tilSand,384,256,64,96,32,32,0,1,1,4294967295
tilSand,416,416,256,32,32,32,0,1,1,4294967295
tilSand,416,384,256,32,32,32,0,1,1,4294967295
tilSand,416,352,256,32,32,32,0,1,1,4294967295
tilSand,416,320,256,32,32,32,0,1,1,4294967295
tilSand,416,288,256,32,32,32,0,1,1,4294967295
tilSand,384,544,320,0,32,32,0,1,1,4294967295
tilSand,416,256,160,0,32,32,0,1,1,4294967295
tilSand,448,256,320,0,32,32,0,1,1,4294967295
tilSand,480,256,320,0,32,32,0,1,1,4294967295
tilSand,512,256,320,0,32,32,0,1,1,4294967295
tilSand,544,256,320,0,32,32,0,1,1,4294967295
tilSand,576,256,320,0,32,32,0,1,1,4294967295
tilSand,608,256,320,0,32,32,0,1,1,4294967295
tilSand,640,256,320,0,32,32,0,1,1,4294967295
tilSand,672,256,320,0,32,32,0,1,1,4294967295
tilSand,704,256,320,0,32,32,0,1,1,4294967295
tilSand,736,256,320,0,32,32,0,1,1,4294967295
tilSand,768,256,320,0,32,32,0,1,1,4294967295
tilSand,800,256,320,0,32,32,0,1,1,4294967295
tilSand,832,256,320,0,32,32,0,1,1,4294967295
tilSand,864,256,320,0,32,32,0,1,1,4294967295
tilSand,896,256,320,0,32,32,0,1,1,4294967295
tilSand,928,256,320,0,32,32,0,1,1,4294967295
tilSand,960,256,320,0,32,32,0,1,1,4294967295
tilSand,992,256,320,0,32,32,0,1,1,4294967295
tilSand,1024,256,160,128,32,64,0,1,1,4294967295
tilSand,1056,288,160,128,32,64,0,1,1,4294967295
tilSand,1088,320,160,128,32,64,0,1,1,4294967295
tilSand,1120,352,160,128,32,64,0,1,1,4294967295
tilSand,1152,384,160,128,32,64,0,1,1,4294967295
tilSand,1184,416,320,0,32,32,0,1,1,4294967295
tilSand,1216,416,320,0,32,32,0,1,1,4294967295
tilSand,1248,416,320,0,32,32,0,1,1,4294967295
tilSand,1280,416,320,0,32,32,0,1,1,4294967295
tilSand,1312,416,320,0,32,32,0,1,1,4294967295
tilSand,1344,416,320,0,32,32,0,1,1,4294967295
tilSand,1376,416,320,0,32,32,0,1,1,4294967295
tilSand,1408,416,320,0,32,32,0,1,1,4294967295
tilSand,1440,416,320,0,32,32,0,1,1,4294967295
tilSand,1472,416,320,0,32,32,0,1,1,4294967295
tilSand,1504,416,320,0,32,32,0,1,1,4294967295
tilSand,1536,416,320,0,32,32,0,1,1,4294967295
tilSand,1568,416,320,0,32,32,0,1,1,4294967295
tilSand,1600,416,320,0,32,32,0,1,1,4294967295
tilSand,1440,320,256,96,32,32,0,1,1,4294967295
tilSand,1472,320,288,96,32,32,0,1,1,4294967295
tilSand,1504,320,288,96,32,32,0,1,1,4294967295
tilSand,1536,320,288,96,32,32,0,1,1,4294967295
tilSand,1568,320,352,96,32,32,0,1,1,4294967295
tilSand,1568,288,352,64,32,32,0,1,1,4294967295
tilSand,1568,256,352,64,32,32,0,1,1,4294967295
tilSand,1568,224,352,64,32,32,0,1,1,4294967295
tilSand,1568,192,352,64,32,32,0,1,1,4294967295
tilSand,1568,160,352,64,32,32,0,1,1,4294967295
tilSand,1568,128,352,64,32,32,0,1,1,4294967295
tilSand,1568,96,352,64,32,32,0,1,1,4294967295
tilSand,1568,64,352,64,32,32,0,1,1,4294967295
tilSand,1568,32,352,64,32,32,0,1,1,4294967295
tilSand,1568,0,352,64,32,32,0,1,1,4294967295
tilSand,32,448,288,96,32,32,0,1,1,4294967295
tilSand,64,448,288,96,32,32,0,1,1,4294967295
tilSand,96,448,288,96,32,32,0,1,1,4294967295
tilSand,128,448,352,96,32,32,0,1,1,4294967295
tilSand,128,416,352,64,32,32,0,1,1,4294967295
tilSand,128,384,352,64,32,32,0,1,1,4294967295
tilSand,128,352,192,64,32,32,0,1,1,4294967295
tilSand,128,160,320,0,32,32,0,1,1,4294967295
tilSand,96,160,320,0,32,32,0,1,1,4294967295
tilSand,64,160,320,0,32,32,0,1,1,4294967295
tilSand,32,160,320,0,32,32,0,1,1,4294967295
tilSand,0,160,320,0,32,32,0,1,1,4294967295
tilSand,128,64,288,96,32,32,0,1,1,4294967295
tilSand,96,64,288,96,32,32,0,1,1,4294967295
tilSand,64,64,288,96,32,32,0,1,1,4294967295
tilSand,32,64,288,96,32,32,0,1,1,4294967295
tilSand,0,64,288,96,32,32,0,1,1,4294967295
tilSand,160,96,256,32,32,32,0,1,1,4294967295
tilSand,160,128,256,32,32,32,0,1,1,4294967295
tilSand,192,128,352,64,32,32,0,1,1,4294967295
tilSand,192,96,352,64,32,32,0,1,1,4294967295
tilSand,160,64,160,64,32,32,0,1,1,4294967295
tilSand,160,160,160,32,32,32,0,1,1,4294967295
tilSand,448,64,352,96,32,32,0,1,1,4294967295
tilSand,448,32,352,64,32,32,0,1,1,4294967295
tilSand,448,0,352,64,32,32,0,1,1,4294967295
tilSand,1440,288,256,32,32,32,0,1,1,4294967295
tilSand,1440,256,256,32,32,32,0,1,1,4294967295
tilSand,1440,224,256,32,32,32,0,1,1,4294967295
tilSand,1440,192,256,32,32,32,0,1,1,4294967295
tilSand,1440,160,256,32,32,32,0,1,1,4294967295
tilSand,1440,128,256,32,32,32,0,1,1,4294967295
tilSand,1440,96,256,32,32,32,0,1,1,4294967295
tilSand,1440,64,256,32,32,32,0,1,1,4294967295
tilSand,1440,32,256,32,32,32,0,1,1,4294967295
tilSand,1440,0,256,32,32,32,0,1,1,4294967295
tilSand,1632,416,320,0,32,32,0,1,1,4294967295
tilSand,1664,416,320,0,32,32,0,1,1,4294967295
tilSand,1696,416,320,0,32,32,0,1,1,4294967295
tilSand,1728,416,320,0,32,32,0,1,1,4294967295
tilSand,1760,416,320,0,32,32,0,1,1,4294967295
tilSand,1792,416,320,0,32,32,0,1,1,4294967295
tilSand,1824,416,320,0,32,32,0,1,1,4294967295
tilSand,1856,416,320,0,32,32,0,1,1,4294967295
tilSand,1888,416,320,0,32,32,0,1,1,4294967295
tilSand,1920,416,320,0,32,32,0,1,1,4294967295
tilSand,1952,416,320,0,32,32,0,1,1,4294967295
tilSand,1984,416,320,0,32,32,0,1,1,4294967295
tilSand,2016,416,320,0,32,32,0,1,1,4294967295
tilSand,2016,320,288,96,32,32,0,1,1,4294967295
tilSand,1984,320,288,96,32,32,0,1,1,4294967295
tilSand,1952,320,256,96,32,32,0,1,1,4294967295
tilSand,1952,288,256,32,32,32,0,1,1,4294967295
tilSand,1952,256,256,32,32,32,0,1,1,4294967295
tilSand,1952,224,256,32,32,32,0,1,1,4294967295
tilSand,1952,192,256,32,32,32,0,1,1,4294967295
tilSand,1952,160,256,32,32,32,0,1,1,4294967295
tilSand,1952,128,256,32,32,32,0,1,1,4294967295
tilSand,1952,96,256,32,32,32,0,1,1,4294967295
tilSand,1952,64,256,32,32,32,0,1,1,4294967295
tilSand,1952,32,256,32,32,32,0,1,1,4294967295
tilSand,1952,0,256,32,32,32,0,1,1,4294967295
tilSand,1664,320,32,128,32,32,0,1,1,4294967295
tilSand,1696,320,64,128,32,32,0,1,1,4294967295
tilSand,1728,320,64,128,32,32,0,1,1,4294967295
tilSand,1760,320,64,128,32,32,0,1,1,4294967295
tilSand,1792,320,64,128,32,32,0,1,1,4294967295
tilSand,1824,320,64,128,32,32,0,1,1,4294967295
tilSand,1792,224,64,128,32,32,0,1,1,4294967295
tilSand,1760,224,64,128,32,32,0,1,1,4294967295
tilSand,1728,224,64,128,32,32,0,1,1,4294967295
tilSand,1696,224,32,128,32,32,0,1,1,4294967295
tilSand,1760,128,64,128,32,32,0,1,1,4294967295
tilSand,1728,128,32,128,32,32,0,1,1,4294967295
tilSand,1632,128,96,128,32,32,0,1,1,4294967295
tilSand,1600,128,32,128,32,32,0,1,1,4294967295
tilSand,1888,128,32,128,32,32,0,1,1,4294967295
tilSand,1856,320,96,128,32,32,0,1,1,4294967295
tilSand,1824,224,96,128,32,32,0,1,1,4294967295
tilSand,1792,128,96,128,32,32,0,1,1,4294967295
tilSand,1920,128,96,128,32,32,0,1,1,4294967295
tilSand,1984,288,288,64,32,32,0,1,1,4294967295
tilSand,2016,288,288,64,32,32,0,1,1,4294967295
tilSand,2016,256,288,64,32,32,0,1,1,4294967295
tilSand,2016,224,288,64,32,32,0,1,1,4294967295
tilSand,2016,192,288,64,32,32,0,1,1,4294967295
tilSand,2016,160,288,64,32,32,0,1,1,4294967295
tilSand,2016,128,288,64,32,32,0,1,1,4294967295
tilSand,2016,96,288,64,32,32,0,1,1,4294967295
tilSand,2016,64,288,64,32,32,0,1,1,4294967295
tilSand,2016,32,288,64,32,32,0,1,1,4294967295
tilSand,2016,0,288,64,32,32,0,1,1,4294967295
tilSand,1984,0,288,64,32,32,0,1,1,4294967295
tilSand,1984,32,288,64,32,32,0,1,1,4294967295
tilSand,1984,64,288,64,32,32,0,1,1,4294967295
tilSand,1984,96,288,64,32,32,0,1,1,4294967295
tilSand,1984,128,288,64,32,32,0,1,1,4294967295
tilSand,1984,160,288,64,32,32,0,1,1,4294967295
tilSand,1984,192,288,64,32,32,0,1,1,4294967295
tilSand,1984,224,288,64,32,32,0,1,1,4294967295
tilSand,1984,256,288,64,32,32,0,1,1,4294967295
tilSand,1472,256,288,64,32,32,0,1,1,4294967295
tilSand,1472,288,288,64,32,32,0,1,1,4294967295
tilSand,1504,256,288,64,32,32,0,1,1,4294967295
tilSand,1504,288,288,64,32,32,0,1,1,4294967295
tilSand,1536,288,288,64,32,32,0,1,1,4294967295
tilSand,1536,256,288,64,32,32,0,1,1,4294967295
tilSand,1536,224,288,64,32,32,0,1,1,4294967295
tilSand,1536,192,288,64,32,32,0,1,1,4294967295
tilSand,1536,160,288,64,32,32,0,1,1,4294967295
tilSand,1536,128,288,64,32,32,0,1,1,4294967295
tilSand,1536,96,288,64,32,32,0,1,1,4294967295
tilSand,1536,64,288,64,32,32,0,1,1,4294967295
tilSand,1536,32,288,64,32,32,0,1,1,4294967295
tilSand,1536,0,288,64,32,32,0,1,1,4294967295
tilSand,1504,0,288,64,32,32,0,1,1,4294967295
tilSand,1504,32,288,64,32,32,0,1,1,4294967295
tilSand,1472,0,288,64,32,32,0,1,1,4294967295
tilSand,1472,32,288,64,32,32,0,1,1,4294967295
tilSand,1472,64,288,64,32,32,0,1,1,4294967295
tilSand,1472,96,288,64,32,32,0,1,1,4294967295
tilSand,1472,128,288,64,32,32,0,1,1,4294967295
tilSand,1472,160,288,64,32,32,0,1,1,4294967295
tilSand,1472,192,288,64,32,32,0,1,1,4294967295
tilSand,1472,224,288,64,32,32,0,1,1,4294967295
tilSand,1504,224,288,64,32,32,0,1,1,4294967295
tilSand,1504,192,288,64,32,32,0,1,1,4294967295
tilSand,1504,160,288,64,32,32,0,1,1,4294967295
tilSand,1504,128,288,64,32,32,0,1,1,4294967295
tilSand,1504,96,288,64,32,32,0,1,1,4294967295
tilSand,1504,64,288,64,32,32,0,1,1,4294967295
tilSand,416,32,288,64,32,32,0,1,1,4294967295
tilSand,384,32,288,64,32,32,0,1,1,4294967295
tilSand,352,32,288,64,32,32,0,1,1,4294967295
tilSand,320,32,288,64,32,32,0,1,1,4294967295
tilSand,288,32,288,64,32,32,0,1,1,4294967295
tilSand,256,32,288,64,32,32,0,1,1,4294967295
tilSand,224,32,288,64,32,32,0,1,1,4294967295
tilSand,192,32,288,64,32,32,0,1,1,4294967295
tilSand,160,32,288,64,32,32,0,1,1,4294967295
tilSand,128,32,288,64,32,32,0,1,1,4294967295
tilSand,96,32,288,64,32,32,0,1,1,4294967295
tilSand,64,32,288,64,32,32,0,1,1,4294967295
tilSand,32,32,288,64,32,32,0,1,1,4294967295
tilSand,0,32,288,64,32,32,0,1,1,4294967295
tilSand,0,0,288,64,32,32,0,1,1,4294967295
tilSand,32,0,288,64,32,32,0,1,1,4294967295
tilSand,64,0,288,64,32,32,0,1,1,4294967295
tilSand,96,0,288,64,32,32,0,1,1,4294967295
tilSand,128,0,288,64,32,32,0,1,1,4294967295
tilSand,160,0,288,64,32,32,0,1,1,4294967295
tilSand,192,0,288,64,32,32,0,1,1,4294967295
tilSand,224,0,288,64,32,32,0,1,1,4294967295
tilSand,256,0,288,64,32,32,0,1,1,4294967295
tilSand,288,0,288,64,32,32,0,1,1,4294967295
tilSand,320,0,288,64,32,32,0,1,1,4294967295
tilSand,352,0,288,64,32,32,0,1,1,4294967295
tilSand,384,0,288,64,32,32,0,1,1,4294967295
tilSand,416,0,288,64,32,32,0,1,1,4294967295
tilSand,160,224,288,64,32,32,0,1,1,4294967295
tilSand,96,224,288,64,32,32,0,1,1,4294967295
tilSand,96,192,288,64,32,32,0,1,1,4294967295
tilSand,64,192,288,64,32,32,0,1,1,4294967295
tilSand,32,192,288,64,32,32,0,1,1,4294967295
tilSand,0,192,288,64,32,32,0,1,1,4294967295
tilSand,0,224,288,64,32,32,0,1,1,4294967295
tilSand,0,256,288,64,32,32,0,1,1,4294967295
tilSand,0,288,288,64,32,32,0,1,1,4294967295
tilSand,0,320,288,64,32,32,0,1,1,4294967295
tilSand,32,384,288,64,32,32,0,1,1,4294967295
tilSand,0,384,288,64,32,32,0,1,1,4294967295
tilSand,0,416,288,64,32,32,0,1,1,4294967295
tilSand,32,416,288,64,32,32,0,1,1,4294967295
tilSand,64,416,288,64,32,32,0,1,1,4294967295
tilSand,96,416,288,64,32,32,0,1,1,4294967295
tilSand,96,384,288,64,32,32,0,1,1,4294967295
tilSand,96,352,288,64,32,32,0,1,1,4294967295
tilSand,96,288,288,64,32,32,0,1,1,4294967295
tilSand,96,256,288,64,32,32,0,1,1,4294967295
tilSand,32,256,288,64,32,32,0,1,1,4294967295
tilSand,32,224,288,64,32,32,0,1,1,4294967295
tilSand,64,224,288,64,32,32,0,1,1,4294967295
tilSand,64,256,288,64,32,32,0,1,1,4294967295
tilSand,64,288,288,64,32,32,0,1,1,4294967295
tilSand,64,384,288,64,32,32,0,1,1,4294967295
tilSand,32,288,288,64,32,32,0,1,1,4294967295
tilSand,32,320,288,64,32,32,0,1,1,4294967295
tilSand,0,352,288,64,32,32,0,1,1,4294967295
tilSand,32,352,288,64,32,32,0,1,1,4294967295
tilSand,64,352,288,64,32,32,0,1,1,4294967295
tilSand,64,320,288,64,32,32,0,1,1,4294967295
tilSand,96,320,288,64,32,32,0,1,1,4294967295
tilSand,128,320,288,64,32,32,0,1,1,4294967295
tilSand,160,320,288,64,32,32,0,1,1,4294967295
tilSand,160,288,288,64,32,32,0,1,1,4294967295
tilSand,160,256,288,64,32,32,0,1,1,4294967295
tilSand,128,288,288,64,32,32,0,1,1,4294967295
tilSand,128,256,288,64,32,32,0,1,1,4294967295
tilSand,128,224,288,64,32,32,0,1,1,4294967295
tilSand,128,192,288,64,32,32,0,1,1,4294967295
tilSand,160,192,288,64,32,32,0,1,1,4294967295
tilSand,0,448,288,96,32,32,0,1,1,4294967295
tilSand,0,576,288,64,32,32,0,1,1,4294967295
tilSand,32,576,288,64,32,32,0,1,1,4294967295
tilSand,64,576,288,64,32,32,0,1,1,4294967295
tilSand,96,576,288,64,32,32,0,1,1,4294967295
tilSand,256,576,288,64,32,32,0,1,1,4294967295
tilSand,288,576,288,64,32,32,0,1,1,4294967295
tilSand,320,576,288,64,32,32,0,1,1,4294967295
tilSand,352,576,288,64,32,32,0,1,1,4294967295
tilSand,384,576,288,64,32,32,0,1,1,4294967295
tilSand,416,576,288,64,32,32,0,1,1,4294967295
tilSand,448,576,288,64,32,32,0,1,1,4294967295
tilSand,480,576,288,64,32,32,0,1,1,4294967295
tilSand,512,576,288,64,32,32,0,1,1,4294967295
tilSand,544,576,288,64,32,32,0,1,1,4294967295
tilSand,544,608,288,64,32,32,0,1,1,4294967295
tilSand,512,608,288,64,32,32,0,1,1,4294967295
tilSand,480,608,288,64,32,32,0,1,1,4294967295
tilSand,448,608,288,64,32,32,0,1,1,4294967295
tilSand,416,608,288,64,32,32,0,1,1,4294967295
tilSand,384,608,288,64,32,32,0,1,1,4294967295
tilSand,352,608,288,64,32,32,0,1,1,4294967295
tilSand,320,608,288,64,32,32,0,1,1,4294967295
tilSand,288,608,288,64,32,32,0,1,1,4294967295
tilSand,256,608,288,64,32,32,0,1,1,4294967295
tilSand,224,576,288,64,32,32,0,1,1,4294967295
tilSand,192,576,288,64,32,32,0,1,1,4294967295
tilSand,160,576,288,64,32,32,0,1,1,4294967295
tilSand,128,576,288,64,32,32,0,1,1,4294967295
tilSand,0,608,288,64,32,32,0,1,1,4294967295
tilSand,32,608,288,64,32,32,0,1,1,4294967295
tilSand,64,608,288,64,32,32,0,1,1,4294967295
tilSand,96,608,288,64,32,32,0,1,1,4294967295
tilSand,128,608,288,64,32,32,0,1,1,4294967295
tilSand,160,608,288,64,32,32,0,1,1,4294967295
tilSand,192,608,288,64,32,32,0,1,1,4294967295
tilSand,224,608,288,64,32,32,0,1,1,4294967295
tilSand,992,288,288,64,32,32,0,1,1,4294967295
tilSand,960,288,288,64,32,32,0,1,1,4294967295
tilSand,928,288,288,64,32,32,0,1,1,4294967295
tilSand,896,288,288,64,32,32,0,1,1,4294967295
tilSand,864,288,288,64,32,32,0,1,1,4294967295
tilSand,832,288,288,64,32,32,0,1,1,4294967295
tilSand,800,288,288,64,32,32,0,1,1,4294967295
tilSand,768,288,288,64,32,32,0,1,1,4294967295
tilSand,736,288,288,64,32,32,0,1,1,4294967295
tilSand,704,288,288,64,32,32,0,1,1,4294967295
tilSand,672,288,288,64,32,32,0,1,1,4294967295
tilSand,672,320,288,64,32,32,0,1,1,4294967295
tilSand,640,320,288,64,32,32,0,1,1,4294967295
tilSand,608,320,288,64,32,32,0,1,1,4294967295
tilSand,576,320,288,64,32,32,0,1,1,4294967295
tilSand,480,320,288,64,32,32,0,1,1,4294967295
tilSand,480,288,288,64,32,32,0,1,1,4294967295
tilSand,448,288,288,64,32,32,0,1,1,4294967295
tilSand,448,320,288,64,32,32,0,1,1,4294967295
tilSand,448,352,288,64,32,32,0,1,1,4294967295
tilSand,448,384,288,64,32,32,0,1,1,4294967295
tilSand,448,416,288,64,32,32,0,1,1,4294967295
tilSand,480,416,288,64,32,32,0,1,1,4294967295
tilSand,480,384,288,64,32,32,0,1,1,4294967295
tilSand,480,352,288,64,32,32,0,1,1,4294967295
tilSand,544,320,288,64,32,32,0,1,1,4294967295
tilSand,640,288,288,64,32,32,0,1,1,4294967295
tilSand,608,288,288,64,32,32,0,1,1,4294967295
tilSand,576,288,288,64,32,32,0,1,1,4294967295
tilSand,544,288,288,64,32,32,0,1,1,4294967295
tilSand,512,288,288,64,32,32,0,1,1,4294967295
tilSand,512,320,288,64,32,32,0,1,1,4294967295
tilSand,512,352,288,64,32,32,0,1,1,4294967295
tilSand,512,384,288,64,32,32,0,1,1,4294967295
tilSand,512,416,288,64,32,32,0,1,1,4294967295
tilSand,448,448,288,96,32,32,0,1,1,4294967295
tilSand,480,448,288,96,32,32,0,1,1,4294967295
tilSand,512,448,288,96,32,32,0,1,1,4294967295
tilSand,416,448,160,96,32,32,0,1,1,4294967295
tilSand,544,448,288,96,32,32,0,1,1,4294967295
tilSand,416,544,320,0,32,32,0,1,1,4294967295
tilSand,448,544,320,0,32,32,0,1,1,4294967295
tilSand,480,544,320,0,32,32,0,1,1,4294967295
tilSand,512,544,320,0,32,32,0,1,1,4294967295
tilSand,544,544,320,0,32,32,0,1,1,4294967295
tilSand,576,544,320,0,32,32,0,1,1,4294967295
tilSand,608,352,288,96,32,32,0,1,1,4294967295
tilSand,640,352,288,96,32,32,0,1,1,4294967295
tilSand,672,352,288,96,32,32,0,1,1,4294967295
tilSand,704,352,288,96,32,32,0,1,1,4294967295
tilSand,736,352,288,96,32,32,0,1,1,4294967295
tilSand,768,352,288,96,32,32,0,1,1,4294967295
tilSand,800,352,288,96,32,32,0,1,1,4294967295
tilSand,832,352,288,96,32,32,0,1,1,4294967295
tilSand,864,352,288,96,32,32,0,1,1,4294967295
tilSand,896,352,288,96,32,32,0,1,1,4294967295
tilSand,928,352,288,96,32,32,0,1,1,4294967295
tilSand,960,384,256,32,32,32,0,1,1,4294967295
tilSand,960,480,256,32,32,32,0,1,1,4294967295
tilSand,960,512,256,32,32,32,0,1,1,4294967295
tilSand,608,544,320,0,32,32,0,1,1,4294967295
tilSand,640,544,320,0,32,32,0,1,1,4294967295
tilSand,672,544,320,0,32,32,0,1,1,4294967295
tilSand,704,544,320,0,32,32,0,1,1,4294967295
tilSand,736,544,320,0,32,32,0,1,1,4294967295
tilSand,768,544,320,0,32,32,0,1,1,4294967295
tilSand,800,544,320,0,32,32,0,1,1,4294967295
tilSand,832,544,320,0,32,32,0,1,1,4294967295
tilSand,864,544,320,0,32,32,0,1,1,4294967295
tilSand,896,544,320,0,32,32,0,1,1,4294967295
tilSand,928,544,320,0,32,32,0,1,1,4294967295
tilSand,576,416,352,64,32,32,0,1,1,4294967295
tilSand,576,384,352,64,32,32,0,1,1,4294967295
tilSand,576,448,352,96,32,32,0,1,1,4294967295
tilSand,576,352,192,64,32,32,0,1,1,4294967295
tilSand,960,352,160,64,32,32,0,1,1,4294967295
tilSand,960,544,160,32,32,32,0,1,1,4294967295
tilSand,544,416,288,64,32,32,0,1,1,4294967295
tilSand,544,384,288,64,32,32,0,1,1,4294967295
tilSand,544,352,288,64,32,32,0,1,1,4294967295
tilSand,704,320,288,64,32,32,0,1,1,4294967295
tilSand,736,320,288,64,32,32,0,1,1,4294967295
tilSand,768,320,288,64,32,32,0,1,1,4294967295
tilSand,800,320,288,64,32,32,0,1,1,4294967295
tilSand,832,320,288,64,32,32,0,1,1,4294967295
tilSand,864,320,288,64,32,32,0,1,1,4294967295
tilSand,896,320,288,64,32,32,0,1,1,4294967295
tilSand,928,320,288,64,32,32,0,1,1,4294967295
tilSand,960,320,288,64,32,32,0,1,1,4294967295
tilSand,992,320,288,64,32,32,0,1,1,4294967295
tilSand,1024,320,288,64,32,32,0,1,1,4294967295
tilSand,1056,352,288,64,32,32,0,1,1,4294967295
tilSand,1024,352,288,64,32,32,0,1,1,4294967295
tilSand,992,352,288,64,32,32,0,1,1,4294967295
tilSand,992,384,288,64,32,32,0,1,1,4294967295
tilSand,992,416,288,64,32,32,0,1,1,4294967295
tilSand,992,448,288,64,32,32,0,1,1,4294967295
tilSand,992,480,288,64,32,32,0,1,1,4294967295
tilSand,992,512,288,64,32,32,0,1,1,4294967295
tilSand,992,544,288,64,32,32,0,1,1,4294967295
tilSand,1024,544,288,64,32,32,0,1,1,4294967295
tilSand,1120,544,288,64,32,32,0,1,1,4294967295
tilSand,1120,512,288,64,32,32,0,1,1,4294967295
tilSand,1120,480,288,64,32,32,0,1,1,4294967295
tilSand,1120,448,288,64,32,32,0,1,1,4294967295
tilSand,1088,448,288,64,32,32,0,1,1,4294967295
tilSand,1120,416,288,64,32,32,0,1,1,4294967295
tilSand,1088,416,288,64,32,32,0,1,1,4294967295
tilSand,1088,384,288,64,32,32,0,1,1,4294967295
tilSand,1056,384,288,64,32,32,0,1,1,4294967295
tilSand,1024,384,288,64,32,32,0,1,1,4294967295
tilSand,1024,416,288,64,32,32,0,1,1,4294967295
tilSand,1024,448,288,64,32,32,0,1,1,4294967295
tilSand,1056,512,288,64,32,32,0,1,1,4294967295
tilSand,1056,544,288,64,32,32,0,1,1,4294967295
tilSand,1088,544,288,64,32,32,0,1,1,4294967295
tilSand,1088,512,288,64,32,32,0,1,1,4294967295
tilSand,1088,480,288,64,32,32,0,1,1,4294967295
tilSand,1056,416,288,64,32,32,0,1,1,4294967295
tilSand,1056,448,288,64,32,32,0,1,1,4294967295
tilSand,1056,480,288,64,32,32,0,1,1,4294967295
tilSand,1024,480,288,64,32,32,0,1,1,4294967295
tilSand,1024,512,288,64,32,32,0,1,1,4294967295
tilSand,960,448,256,32,32,32,0,1,1,4294967295
tilSand,960,416,256,32,32,32,0,1,1,4294967295
tilSand,576,576,288,64,32,32,0,1,1,4294967295
tilSand,608,576,288,64,32,32,0,1,1,4294967295
tilSand,640,576,288,64,32,32,0,1,1,4294967295
tilSand,672,576,288,64,32,32,0,1,1,4294967295
tilSand,704,576,288,64,32,32,0,1,1,4294967295
tilSand,736,576,288,64,32,32,0,1,1,4294967295
tilSand,768,576,288,64,32,32,0,1,1,4294967295
tilSand,800,576,288,64,32,32,0,1,1,4294967295
tilSand,832,576,288,64,32,32,0,1,1,4294967295
tilSand,864,576,288,64,32,32,0,1,1,4294967295
tilSand,896,576,288,64,32,32,0,1,1,4294967295
tilSand,928,576,288,64,32,32,0,1,1,4294967295
tilSand,960,576,288,64,32,32,0,1,1,4294967295
tilSand,992,576,288,64,32,32,0,1,1,4294967295
tilSand,1024,576,288,64,32,32,0,1,1,4294967295
tilSand,1056,576,288,64,32,32,0,1,1,4294967295
tilSand,1088,576,288,64,32,32,0,1,1,4294967295
tilSand,1120,576,288,64,32,32,0,1,1,4294967295
tilSand,1120,608,288,64,32,32,0,1,1,4294967295
tilSand,1088,608,288,64,32,32,0,1,1,4294967295
tilSand,1056,608,288,64,32,32,0,1,1,4294967295
tilSand,1024,608,288,64,32,32,0,1,1,4294967295
tilSand,992,608,288,64,32,32,0,1,1,4294967295
tilSand,960,608,288,64,32,32,0,1,1,4294967295
tilSand,928,608,288,64,32,32,0,1,1,4294967295
tilSand,896,608,288,64,32,32,0,1,1,4294967295
tilSand,864,608,288,64,32,32,0,1,1,4294967295
tilSand,832,608,288,64,32,32,0,1,1,4294967295
tilSand,800,608,288,64,32,32,0,1,1,4294967295
tilSand,768,608,288,64,32,32,0,1,1,4294967295
tilSand,736,608,288,64,32,32,0,1,1,4294967295
tilSand,704,608,288,64,32,32,0,1,1,4294967295
tilSand,672,608,288,64,32,32,0,1,1,4294967295
tilSand,640,608,288,64,32,32,0,1,1,4294967295
tilSand,608,608,288,64,32,32,0,1,1,4294967295
tilSand,576,608,288,64,32,32,0,1,1,4294967295
tilSand,1152,448,288,64,32,32,0,1,1,4294967295
tilSand,1184,448,288,64,32,32,0,1,1,4294967295
tilSand,1216,448,288,64,32,32,0,1,1,4294967295
tilSand,1472,512,288,64,32,32,0,1,1,4294967295
tilSand,1440,512,288,64,32,32,0,1,1,4294967295
tilSand,1408,512,288,64,32,32,0,1,1,4294967295
tilSand,1376,512,288,64,32,32,0,1,1,4294967295
tilSand,1344,512,288,64,32,32,0,1,1,4294967295
tilSand,1312,512,288,64,32,32,0,1,1,4294967295
tilSand,1280,512,288,64,32,32,0,1,1,4294967295
tilSand,1184,512,288,64,32,32,0,1,1,4294967295
tilSand,1184,480,288,64,32,32,0,1,1,4294967295
tilSand,1152,480,288,64,32,32,0,1,1,4294967295
tilSand,1152,512,288,64,32,32,0,1,1,4294967295
tilSand,1152,544,288,64,32,32,0,1,1,4294967295
tilSand,1152,576,288,64,32,32,0,1,1,4294967295
tilSand,1152,608,288,64,32,32,0,1,1,4294967295
tilSand,1184,608,288,64,32,32,0,1,1,4294967295
tilSand,1216,608,288,64,32,32,0,1,1,4294967295
tilSand,1184,576,288,64,32,32,0,1,1,4294967295
tilSand,1184,544,288,64,32,32,0,1,1,4294967295
tilSand,1280,544,288,64,32,32,0,1,1,4294967295
tilSand,1216,512,288,64,32,32,0,1,1,4294967295
tilSand,1216,480,288,64,32,32,0,1,1,4294967295
tilSand,1280,480,288,64,32,32,0,1,1,4294967295
tilSand,1312,480,288,64,32,32,0,1,1,4294967295
tilSand,1344,480,288,64,32,32,0,1,1,4294967295
tilSand,1376,480,288,64,32,32,0,1,1,4294967295
tilSand,1408,480,288,64,32,32,0,1,1,4294967295
tilSand,1440,480,288,64,32,32,0,1,1,4294967295
tilSand,1472,480,288,64,32,32,0,1,1,4294967295
tilSand,1504,480,288,64,32,32,0,1,1,4294967295
tilSand,1536,448,288,64,32,32,0,1,1,4294967295
tilSand,1504,448,288,64,32,32,0,1,1,4294967295
tilSand,1472,448,288,64,32,32,0,1,1,4294967295
tilSand,1440,448,288,64,32,32,0,1,1,4294967295
tilSand,1408,448,288,64,32,32,0,1,1,4294967295
tilSand,1376,448,288,64,32,32,0,1,1,4294967295
tilSand,1344,448,288,64,32,32,0,1,1,4294967295
tilSand,1312,448,288,64,32,32,0,1,1,4294967295
tilSand,1280,448,288,64,32,32,0,1,1,4294967295
tilSand,1248,448,288,64,32,32,0,1,1,4294967295
tilSand,1248,480,288,64,32,32,0,1,1,4294967295
tilSand,1248,512,288,64,32,32,0,1,1,4294967295
tilSand,1248,544,288,64,32,32,0,1,1,4294967295
tilSand,1216,544,288,64,32,32,0,1,1,4294967295
tilSand,1216,576,288,64,32,32,0,1,1,4294967295
tilSand,1248,576,288,64,32,32,0,1,1,4294967295
tilSand,1312,544,288,64,32,32,0,1,1,4294967295
tilSand,1344,544,288,64,32,32,0,1,1,4294967295
tilSand,1376,544,288,64,32,32,0,1,1,4294967295
tilSand,1408,544,288,64,32,32,0,1,1,4294967295
tilSand,1440,544,288,64,32,32,0,1,1,4294967295
tilSand,1472,544,288,64,32,32,0,1,1,4294967295
tilSand,1504,544,288,64,32,32,0,1,1,4294967295
tilSand,1536,544,288,64,32,32,0,1,1,4294967295
tilSand,1504,512,288,64,32,32,0,1,1,4294967295
tilSand,1536,512,288,64,32,32,0,1,1,4294967295
tilSand,1536,480,288,64,32,32,0,1,1,4294967295
tilSand,1568,448,288,64,32,32,0,1,1,4294967295
tilSand,1568,480,288,64,32,32,0,1,1,4294967295
tilSand,1568,512,288,64,32,32,0,1,1,4294967295
tilSand,1568,544,288,64,32,32,0,1,1,4294967295
tilSand,1568,576,288,64,32,32,0,1,1,4294967295
tilSand,1568,608,288,64,32,32,0,1,1,4294967295
tilSand,1536,608,288,64,32,32,0,1,1,4294967295
tilSand,1504,608,288,64,32,32,0,1,1,4294967295
tilSand,1536,576,288,64,32,32,0,1,1,4294967295
tilSand,1504,576,288,64,32,32,0,1,1,4294967295
tilSand,1472,576,288,64,32,32,0,1,1,4294967295
tilSand,1408,576,288,64,32,32,0,1,1,4294967295
tilSand,1440,576,288,64,32,32,0,1,1,4294967295
tilSand,1472,608,288,64,32,32,0,1,1,4294967295
tilSand,1440,608,288,64,32,32,0,1,1,4294967295
tilSand,1408,608,288,64,32,32,0,1,1,4294967295
tilSand,1376,608,288,64,32,32,0,1,1,4294967295
tilSand,1344,608,288,64,32,32,0,1,1,4294967295
tilSand,1376,576,288,64,32,32,0,1,1,4294967295
tilSand,1344,576,288,64,32,32,0,1,1,4294967295
tilSand,1312,576,288,64,32,32,0,1,1,4294967295
tilSand,1280,576,288,64,32,32,0,1,1,4294967295
tilSand,1248,608,288,64,32,32,0,1,1,4294967295
tilSand,1280,608,288,64,32,32,0,1,1,4294967295
tilSand,1312,608,288,64,32,32,0,1,1,4294967295
tilSand,1600,448,288,64,32,32,0,1,1,4294967295
tilSand,1632,448,288,64,32,32,0,1,1,4294967295
tilSand,1664,448,288,64,32,32,0,1,1,4294967295
tilSand,1696,448,288,64,32,32,0,1,1,4294967295
tilSand,1760,448,288,64,32,32,0,1,1,4294967295
tilSand,2016,448,288,64,32,32,0,1,1,4294967295
tilSand,1984,448,288,64,32,32,0,1,1,4294967295
tilSand,1952,448,288,64,32,32,0,1,1,4294967295
tilSand,2016,480,288,64,32,32,0,1,1,4294967295
tilSand,2016,576,288,64,32,32,0,1,1,4294967295
tilSand,2016,608,288,64,32,32,0,1,1,4294967295
tilSand,1984,608,288,64,32,32,0,1,1,4294967295
tilSand,1952,608,288,64,32,32,0,1,1,4294967295
tilSand,1920,608,288,64,32,32,0,1,1,4294967295
tilSand,1888,608,288,64,32,32,0,1,1,4294967295
tilSand,1856,608,288,64,32,32,0,1,1,4294967295
tilSand,1824,608,288,64,32,32,0,1,1,4294967295
tilSand,1792,608,288,64,32,32,0,1,1,4294967295
tilSand,1760,608,288,64,32,32,0,1,1,4294967295
tilSand,1728,608,288,64,32,32,0,1,1,4294967295
tilSand,1696,608,288,64,32,32,0,1,1,4294967295
tilSand,1664,608,288,64,32,32,0,1,1,4294967295
tilSand,1632,608,288,64,32,32,0,1,1,4294967295
tilSand,1600,608,288,64,32,32,0,1,1,4294967295
tilSand,1600,576,288,64,32,32,0,1,1,4294967295
tilSand,1600,512,288,64,32,32,0,1,1,4294967295
tilSand,1600,480,288,64,32,32,0,1,1,4294967295
tilSand,1632,480,288,64,32,32,0,1,1,4294967295
tilSand,1664,480,288,64,32,32,0,1,1,4294967295
tilSand,1696,480,288,64,32,32,0,1,1,4294967295
tilSand,1728,480,288,64,32,32,0,1,1,4294967295
tilSand,1728,448,288,64,32,32,0,1,1,4294967295
tilSand,1792,448,288,64,32,32,0,1,1,4294967295
tilSand,1824,448,288,64,32,32,0,1,1,4294967295
tilSand,1856,448,288,64,32,32,0,1,1,4294967295
tilSand,1888,448,288,64,32,32,0,1,1,4294967295
tilSand,1920,448,288,64,32,32,0,1,1,4294967295
tilSand,1984,480,288,64,32,32,0,1,1,4294967295
tilSand,2016,512,288,64,32,32,0,1,1,4294967295
tilSand,2016,544,288,64,32,32,0,1,1,4294967295
tilSand,1984,576,288,64,32,32,0,1,1,4294967295
tilSand,1952,576,288,64,32,32,0,1,1,4294967295
tilSand,1920,576,288,64,32,32,0,1,1,4294967295
tilSand,1888,576,288,64,32,32,0,1,1,4294967295
tilSand,1856,576,288,64,32,32,0,1,1,4294967295
tilSand,1824,576,288,64,32,32,0,1,1,4294967295
tilSand,1792,576,288,64,32,32,0,1,1,4294967295
tilSand,1760,576,288,64,32,32,0,1,1,4294967295
tilSand,1728,576,288,64,32,32,0,1,1,4294967295
tilSand,1696,576,288,64,32,32,0,1,1,4294967295
tilSand,1664,576,288,64,32,32,0,1,1,4294967295
tilSand,1632,576,288,64,32,32,0,1,1,4294967295
tilSand,1632,512,288,64,32,32,0,1,1,4294967295
tilSand,1664,512,288,64,32,32,0,1,1,4294967295
tilSand,1696,512,288,64,32,32,0,1,1,4294967295
tilSand,1728,512,288,64,32,32,0,1,1,4294967295
tilSand,1760,480,288,64,32,32,0,1,1,4294967295
tilSand,1792,480,288,64,32,32,0,1,1,4294967295
tilSand,1824,480,288,64,32,32,0,1,1,4294967295
tilSand,1856,480,288,64,32,32,0,1,1,4294967295
tilSand,1888,480,288,64,32,32,0,1,1,4294967295
tilSand,1920,480,288,64,32,32,0,1,1,4294967295
tilSand,1952,480,288,64,32,32,0,1,1,4294967295
tilSand,1952,512,288,64,32,32,0,1,1,4294967295
tilSand,1984,512,288,64,32,32,0,1,1,4294967295
tilSand,1984,544,288,64,32,32,0,1,1,4294967295
tilSand,1952,544,288,64,32,32,0,1,1,4294967295
tilSand,1920,544,288,64,32,32,0,1,1,4294967295
tilSand,1920,512,288,64,32,32,0,1,1,4294967295
tilSand,1888,512,288,64,32,32,0,1,1,4294967295
tilSand,1856,512,288,64,32,32,0,1,1,4294967295
tilSand,1824,512,288,64,32,32,0,1,1,4294967295
tilSand,1792,512,288,64,32,32,0,1,1,4294967295
tilSand,1760,512,288,64,32,32,0,1,1,4294967295
tilSand,1600,544,288,64,32,32,0,1,1,4294967295
tilSand,1728,544,288,64,32,32,0,1,1,4294967295
tilSand,1824,544,288,64,32,32,0,1,1,4294967295
tilSand,1888,544,288,64,32,32,0,1,1,4294967295
tilSand,1856,544,288,64,32,32,0,1,1,4294967295
tilSand,1792,544,288,64,32,32,0,1,1,4294967295
tilSand,1760,544,288,64,32,32,0,1,1,4294967295
tilSand,1696,544,288,64,32,32,0,1,1,4294967295
tilSand,1664,544,288,64,32,32,0,1,1,4294967295
tilSand,1632,544,288,64,32,32,0,1,1,4294967295
