objL1BG,512,0,0003CF47,0,1,1,4294967295,0,0
objDestroyable,384,512,003DDE92,0,1,1,4294967295,0,0
objDestroyable,384,480,00393D33,0,1,1,4294967295,0,0
objDestroyable,352,480,00258E51,0,1,1,4294967295,0,0
objDestroyable,352,512,001BBF4D,0,1,1,4294967295,0,0
objDestroyable,416,480,0016C42D,0,1,1,4294967295,0,0
objDestroyable,448,480,002738DA,0,1,1,4294967295,0,0
objDestroyable,480,480,001C22E8,0,1,1,4294967295,0,0
objDestroyable,512,480,000DCD03,0,1,1,4294967295,0,0
objDestroyable,544,480,000379FC,0,1,1,4294967295,0,0
objDestroyable,576,480,00041731,0,1,1,4294967295,0,0
objDestroyable,576,512,00283C9D,0,1,1,4294967295,0,0
objDestroyable,544,512,002142D3,0,1,1,4294967295,0,0
objDestroyable,512,512,000A4153,0,1,1,4294967295,0,0
objDestroyable,480,512,001E3F70,0,1,1,4294967295,0,0
objDestroyable,448,512,002AA383,0,1,1,4294967295,0,0
objDestroyable,416,512,002F9832,0,1,1,4294967295,0,0
objSecretDestroyable,160,128,002289AF,0,1,1,4294967295,0,0
objSecretDestroyable,192,128,003C57AD,0,1,1,4294967295,0,0
objSecretDestroyable,160,96,00378CB9,0,1,1,4294967295,0,0
objSecretDestroyable,192,96,00071435,0,1,1,4294967295,0,0
objSolid,0,544,0034CED0,0,1,1,4294967295,0,0
objSolid,32,544,003EC788,0,1,1,4294967295,0,0
objSolid,64,544,003C82BE,0,1,1,4294967295,0,0
objSolid,96,544,003D3D06,0,1,1,4294967295,0,0
objSolid,128,544,001A615B,0,1,1,4294967295,0,0
objSolid,160,544,00110E38,0,1,1,4294967295,0,0
objSolid,192,544,001B5E38,0,1,1,4294967295,0,0
objSolid,224,544,000B57CE,0,1,1,4294967295,0,0
objSolid,256,544,002186A0,0,1,1,4294967295,0,0
objSolid,288,544,002CF5B1,0,1,1,4294967295,0,0
objSolid,320,544,0024CFD3,0,1,1,4294967295,0,0
objSolid,352,544,002E2477,0,1,1,4294967295,0,0
objSolid,384,544,0038FA74,0,1,1,4294967295,0,0
objSolid,416,544,003C04F8,0,1,1,4294967295,0,0
objSolid,448,544,00196208,0,1,1,4294967295,0,0
objSolid,480,544,000582A8,0,1,1,4294967295,0,0
objSolid,576,544,000C845D,0,1,1,4294967295,0,0
objSolid,512,544,002205A9,0,1,1,4294967295,0,0
objSolid,544,544,0031965B,0,1,1,4294967295,0,0
objSolid,608,544,001654A3,0,1,1,4294967295,0,0
objSolid,640,544,002A0DF9,0,1,1,4294967295,0,0
objSolid,672,544,002520E2,0,1,1,4294967295,0,0
objSolid,704,544,002A7B65,0,1,1,4294967295,0,0
objSolid,736,544,0010EE4C,0,1,1,4294967295,0,0
objSolid,768,544,002E9BC0,0,1,1,4294967295,0,0
objSolid,800,544,0007EF4E,0,1,1,4294967295,0,0
objSolid,832,544,00023AD4,0,1,1,4294967295,0,0
objSolid,864,544,0032A8A4,0,1,1,4294967295,0,0
objSolid,896,544,0032CB9C,0,1,1,4294967295,0,0
objSolid,928,544,0036D616,0,1,1,4294967295,0,0
objSolid,960,512,00364439,0,1,1,4294967295,0,0
objSolid,960,480,00020613,0,1,1,4294967295,0,0
objSolid,960,448,001BBEAF,0,1,1,4294967295,0,0
objSolid,960,416,0022222C,0,1,1,4294967295,0,0
objSolid,960,384,0008C799,0,1,1,4294967295,0,0
objSolid,928,352,00052003,0,1,1,4294967295,0,0
objSolid,896,352,000F913C,0,1,1,4294967295,0,0
objSolid,864,352,00077BBD,0,1,1,4294967295,0,0
objSolid,832,352,000C2CCC,0,1,1,4294967295,0,0
objSolid,800,352,00118500,0,1,1,4294967295,0,0
objSolid,768,352,0024FD7D,0,1,1,4294967295,0,0
objSolid,736,352,00107E56,0,1,1,4294967295,0,0
objSolid,704,352,0019A439,0,1,1,4294967295,0,0
objSolid,672,352,0024181C,0,1,1,4294967295,0,0
objSolid,640,352,002E358A,0,1,1,4294967295,0,0
objSolid,608,352,003B4FED,0,1,1,4294967295,0,0
objSolid,576,384,003087DE,0,1,1,4294967295,0,0
objSolid,576,416,0037F577,0,1,1,4294967295,0,0
objSolid,576,448,003ABE92,0,1,1,4294967295,0,0
objSolid,544,448,000BA541,0,1,1,4294967295,0,0
objSolid,512,448,0028D3E2,0,1,1,4294967295,0,0
objSolid,480,448,000433A3,0,1,1,4294967295,0,0
objSolid,448,448,0008622B,0,1,1,4294967295,0,0
objSolid,416,448,0035E4AC,0,1,1,4294967295,0,0
objSolid,384,448,0026EEB4,0,1,1,4294967295,0,0
objSolid,352,448,00198532,0,1,1,4294967295,0,0
objSolid,416,416,001E5923,0,1,1,4294967295,0,0
objSolid,416,384,001A01AC,0,1,1,4294967295,0,0
objSolid,416,352,003B94E6,0,1,1,4294967295,0,0
objSolid,416,320,001DF353,0,1,1,4294967295,0,0
objSolid,416,288,000BD53B,0,1,1,4294967295,0,0
objSolid,352,256,00047B5B,0,1,1,4294967295,0,0
objSolid,384,256,0007D991,0,1,1,4294967295,0,0
objSolid,416,256,00205B6D,0,1,1,4294967295,0,0
objSolid,448,256,000FE8E8,0,1,1,4294967295,0,0
objSolid,480,256,0027824D,0,1,1,4294967295,0,0
objSolid,512,256,000E151A,0,1,1,4294967295,0,0
objSolid,544,256,00011959,0,1,1,4294967295,0,0
objSolid,576,256,00332568,0,1,1,4294967295,0,0
objSolid,608,256,001B856D,0,1,1,4294967295,0,0
objSolid,640,256,0021ADDB,0,1,1,4294967295,0,0
objSolid,672,256,00064FC1,0,1,1,4294967295,0,0
objSolid,704,256,0035B5C9,0,1,1,4294967295,0,0
objSolid,736,256,00025C4A,0,1,1,4294967295,0,0
objSolid,768,256,003C28FA,0,1,1,4294967295,0,0
objSolid,800,256,00009C37,0,1,1,4294967295,0,0
objSolid,832,256,003BC8F8,0,1,1,4294967295,0,0
objSolid,864,256,0037C6E7,0,1,1,4294967295,0,0
objSolid,896,256,0015AFE4,0,1,1,4294967295,0,0
objSolid,928,256,00188102,0,1,1,4294967295,0,0
objSolid,960,256,00115193,0,1,1,4294967295,0,0
objSolid,992,256,0010FDA6,0,1,1,4294967295,0,0
objSolid,32,64,001EE6B8,0,1,1,4294967295,0,0
objSolid,64,64,000D6D9C,0,1,1,4294967295,0,0
objSolid,96,64,0006E9B4,0,1,1,4294967295,0,0
objSolid,128,64,003B969C,0,1,1,4294967295,0,0
objSolid,160,64,0005F063,0,1,1,4294967295,0,0
objSolid,192,64,002C919B,0,1,1,4294967295,0,0
objSolid,224,64,003F7BCA,0,1,1,4294967295,0,0
objSolid,256,64,00103491,0,1,1,4294967295,0,0
objSolid,288,64,00217390,0,1,1,4294967295,0,0
objSolid,320,64,002F8B5F,0,1,1,4294967295,0,0
objSolid,352,64,000E04C9,0,1,1,4294967295,0,0
objSolid,384,64,002F77D7,0,1,1,4294967295,0,0
objSolid,416,64,00145508,0,1,1,4294967295,0,0
objSolid,448,64,0000BDE9,0,1,1,4294967295,0,0
objSolid,448,32,00199286,0,1,1,4294967295,0,0
objSolid,448,0,0022190D,0,1,1,4294967295,0,0
objSolid,0,64,001161FF,0,1,1,4294967295,0,0
objSolid,-32,64,003DB73F,0,1,1,4294967295,0,0
objSolid,-64,64,0022DFE8,0,1,1,4294967295,0,0
objSolid,-96,64,002D2CA1,0,1,1,4294967295,0,0
objSolid,-96,160,002F5293,0,1,1,4294967295,0,0
objSolid,-64,160,000B7171,0,1,1,4294967295,0,0
objSolid,-32,160,001755EE,0,1,1,4294967295,0,0
objSolid,0,160,0030C295,0,1,1,4294967295,0,0
objSolid,32,160,0012E38F,0,1,1,4294967295,0,0
objSolid,64,160,0002447B,0,1,1,4294967295,0,0
objSolid,96,160,002D0175,0,1,1,4294967295,0,0
objSolid,128,160,000EB24F,0,1,1,4294967295,0,0
objSolid,160,160,000E0350,0,1,1,4294967295,0,0
objSolid,192,160,00323EFB,0,1,1,4294967295,0,0
objSolid,192,192,0016282B,0,1,1,4294967295,0,0
objSolid,192,224,001BF63F,0,1,1,4294967295,0,0
objSolid,192,256,001185CB,0,1,1,4294967295,0,0
objSolid,192,288,002C699E,0,1,1,4294967295,0,0
objSolid,192,320,002BFFBA,0,1,1,4294967295,0,0
objSolid,256,352,000A7E2C,0,1,1,4294967295,0,0
objSolid,224,352,0017A2C3,0,1,1,4294967295,0,0
objSolid,192,352,003E9E36,0,1,1,4294967295,0,0
objSolid,160,352,0035534F,0,1,1,4294967295,0,0
objSolid,128,384,000E90E3,0,1,1,4294967295,0,0
objSolid,128,416,00137E1C,0,1,1,4294967295,0,0
objSolid,128,448,000AB5BD,0,1,1,4294967295,0,0
objSolid,96,448,002E5E78,0,1,1,4294967295,0,0
objSolid,64,448,0007BD6D,0,1,1,4294967295,0,0
objSolid,32,448,002B254F,0,1,1,4294967295,0,0
objSolid,0,448,00266CFD,0,1,1,4294967295,0,0
objSolid,-32,448,0000E1BA,0,1,1,4294967295,0,0
objSolid,-64,448,00202818,0,1,1,4294967295,0,0
objSolid,-96,448,002E1464,0,1,1,4294967295,0,0
objSolid,-96,544,0034F293,0,1,1,4294967295,0,0
objSolid,-64,544,0028E5E2,0,1,1,4294967295,0,0
objSolid,-32,544,0004B4FC,0,1,1,4294967295,0,0
objHall,-128,512,000B8AE5,0,1,1,4294967295,0,1
objSolid,1184,416,0015DF1A,0,1,1,4294967295,0,0
objSolid,1216,416,002FF81C,0,1,1,4294967295,0,0
objSolid,1248,416,00322059,0,1,1,4294967295,0,0
objSolid,1280,416,0039DDCD,0,1,1,4294967295,0,0
objSolid,1312,416,000C2D43,0,1,1,4294967295,0,0
objSolid,1344,416,003C86C3,0,1,1,4294967295,0,0
objSolid,1376,416,0035AA8A,0,1,1,4294967295,0,0
objSolid,1408,416,000E4B59,0,1,1,4294967295,0,0
objSolid,1440,416,0013F742,0,1,1,4294967295,0,0
objSolid,1472,416,000739EB,0,1,1,4294967295,0,0
objSolid,1504,416,00032CFB,0,1,1,4294967295,0,0
objSolid,1536,416,0017E8B0,0,1,1,4294967295,0,0
objSolid,1568,416,00044714,0,1,1,4294967295,0,0
objSolid,1600,416,002AEE82,0,1,1,4294967295,0,0
objSolid,1664,416,000A5E46,0,1,1,4294967295,0,0
objSolid,1696,416,002281F6,0,1,1,4294967295,0,0
objSolid,1760,416,00255ACA,0,1,1,4294967295,0,0
objSolid,1792,416,000072FA,0,1,1,4294967295,0,0
objSolid,1824,416,0011099E,0,1,1,4294967295,0,0
objSolid,1856,416,003F28CE,0,1,1,4294967295,0,0
objSolid,1888,416,003822FB,0,1,1,4294967295,0,0
objSolid,1920,416,003BB94D,0,1,1,4294967295,0,0
objSolid,1952,416,0039D019,0,1,1,4294967295,0,0
objSolid,1984,416,003760C6,0,1,1,4294967295,0,0
objSolid,2016,416,00301F56,0,1,1,4294967295,0,0
objSolid,2048,416,001BAA3D,0,1,1,4294967295,0,0
objSolid,2080,416,0028F7F3,0,1,1,4294967295,0,0
objSolid,2112,416,00304DEE,0,1,1,4294967295,0,0
objSolid,2112,320,0035DE8D,0,1,1,4294967295,0,0
objSolid,2080,320,001CAC18,0,1,1,4294967295,0,0
objSolid,2048,320,00395968,0,1,1,4294967295,0,0
objSolid,2016,320,0034FCC7,0,1,1,4294967295,0,0
objSolid,1984,320,00267593,0,1,1,4294967295,0,0
objSolid,1952,320,0014214B,0,1,1,4294967295,0,0
objSolid,1728,416,00190679,0,1,1,4294967295,0,0
objSolid,1632,416,002016F2,0,1,1,4294967295,0,0
objSolid,1440,320,001EEDF5,0,1,1,4294967295,0,0
objSolid,1472,320,0001A1A7,0,1,1,4294967295,0,0
objSolid,1504,320,0003F245,0,1,1,4294967295,0,0
objSolid,1536,320,001386B2,0,1,1,4294967295,0,0
objSolid,1568,320,00211978,0,1,1,4294967295,0,0
objSolid,1568,288,0010730F,0,1,1,4294967295,0,0
objSolid,1568,256,00052923,0,1,1,4294967295,0,0
objSolid,1568,224,00214723,0,1,1,4294967295,0,0
objSolid,1568,192,0007DE98,0,1,1,4294967295,0,0
objSolid,1568,160,002C02C9,0,1,1,4294967295,0,0
objSolid,1568,128,002C6F3A,0,1,1,4294967295,0,0
objSolid,1568,96,001DB163,0,1,1,4294967295,0,0
objSolid,1568,64,0003C742,0,1,1,4294967295,0,0
objSolid,1568,32,00125635,0,1,1,4294967295,0,0
objSolid,1440,0,002836A2,0,1,1,4294967295,0,0
objSolid,1440,32,00317600,0,1,1,4294967295,0,0
objSolid,1440,64,00022C56,0,1,1,4294967295,0,0
objSolid,1440,96,00390DD3,0,1,1,4294967295,0,0
objSolid,1440,128,00067F7E,0,1,1,4294967295,0,0
objSolid,1440,160,00243E0B,0,1,1,4294967295,0,0
objSolid,1440,192,001DD587,0,1,1,4294967295,0,0
objSolid,1440,224,000CFA7E,0,1,1,4294967295,0,0
objSolid,1440,256,0035CBE5,0,1,1,4294967295,0,0
objSolid,1440,288,00348331,0,1,1,4294967295,0,0
objSolid,448,-32,00342C4B,0,1,1,4294967295,0,0
objSolid,448,-64,00090FEE,0,1,1,4294967295,0,0
objSolid,448,-96,00124808,0,1,1,4294967295,0,0
objSolid,448,-128,001299AF,0,1,1,4294967295,0,0
objSolid,1440,-32,00017E07,0,1,1,4294967295,0,0
objSolid,1440,-64,001BAD6C,0,1,1,4294967295,0,0
objSolid,1440,-96,0035C63C,0,1,1,4294967295,0,0
objSolid,1440,-128,00380760,0,1,1,4294967295,0,0
objSolid,1568,0,0037CDF0,0,1,1,4294967295,0,0
objSolid,1568,-32,0014B59F,0,1,1,4294967295,0,0
objSolid,1568,-64,003EAD13,0,1,1,4294967295,0,0
objSolid,1568,-96,003E0CC9,0,1,1,4294967295,0,0
objSolid,1568,-128,002BDFB8,0,1,1,4294967295,0,0
objSolid,1952,288,001CAA8D,0,1,1,4294967295,0,0
objSolid,1952,256,00242A9B,0,1,1,4294967295,0,0
objSolid,1952,224,00130D7E,0,1,1,4294967295,0,0
objSolid,1952,192,0038C71D,0,1,1,4294967295,0,0
objSolid,1952,160,001F7500,0,1,1,4294967295,0,0
objSolid,1952,128,00225CC2,0,1,1,4294967295,0,0
objSolid,1952,96,001794C9,0,1,1,4294967295,0,0
objSolid,1952,64,001E57F4,0,1,1,4294967295,0,0
objSolid,1952,32,0021FEF8,0,1,1,4294967295,0,0
objSolid,1952,0,0031DF7C,0,1,1,4294967295,0,0
objSolid,1952,-32,0027D2B7,0,1,1,4294967295,0,0
objSolid,1952,-64,00068FDF,0,1,1,4294967295,0,0
objSolid,1952,-96,000C47C1,0,1,1,4294967295,0,0
objSolid,1952,-128,000297BE,0,1,1,4294967295,0,0
objSemiSolid,1600,128,002B8FBD,0,1,1,4294967295,0,0
objSemiSolid,1632,128,003A8DBE,0,1,1,4294967295,0,0
objSemiSolid,1728,128,000144F5,0,1,1,4294967295,0,0
objSemiSolid,1760,128,0005081C,0,1,1,4294967295,0,0
objSemiSolid,1792,128,000CB8C5,0,1,1,4294967295,0,0
objSemiSolid,1888,128,001D5A25,0,1,1,4294967295,0,0
objSemiSolid,1920,128,003BDA71,0,1,1,4294967295,0,0
objSemiSolid,1824,224,0036949A,0,1,1,4294967295,0,0
objSemiSolid,1792,224,0027E3A5,0,1,1,4294967295,0,0
objSemiSolid,1760,224,003A5578,0,1,1,4294967295,0,0
objSemiSolid,1728,224,0016744B,0,1,1,4294967295,0,0
objSemiSolid,1696,224,0008D21D,0,1,1,4294967295,0,0
objSemiSolid,1664,320,003C36B3,0,1,1,4294967295,0,0
objSemiSolid,1696,320,00143944,0,1,1,4294967295,0,0
objSemiSolid,1728,320,0030AACF,0,1,1,4294967295,0,0
objSemiSolid,1760,320,000FA11A,0,1,1,4294967295,0,0
objSemiSolid,1792,320,0035710F,0,1,1,4294967295,0,0
objSemiSolid,1824,320,003123AE,0,1,1,4294967295,0,0
objSemiSolid,1856,320,002988BB,0,1,1,4294967295,0,0
objSlopeR,1024,256,002B2C6E,0,1,1,4294967295,0,0
objSlopeR,1056,288,00342AD9,0,1,1,4294967295,0,0
objSlopeR,1088,320,001D72A3,0,1,1,4294967295,0,0
objSlopeR,1120,352,00067A89,0,1,1,4294967295,0,0
objSlopeR,1152,384,003F9129,0,1,1,4294967295,0,0
objDestroyable,640,224,00343B3C,0,1,1,4294967295,0,0
objDestroyable,640,192,00336403,0,1,1,4294967295,0,0
objDestroyable,640,160,003E6607,0,1,1,4294967295,0,0
objDestroyable,672,160,0013F13F,0,1,1,4294967295,0,0
objDestroyable,672,192,000B35BF,0,1,1,4294967295,0,0
objDestroyable,672,224,00152B07,0,1,1,4294967295,0,0
objHall,2144,384,000ECD16,0,1,1,4294967295,0,1
objSolid,-128,544,003EC8F8,0,1,1,4294967295,0,0
objSolid,-128,448,003523E9,0,1,1,4294967295,0,0
objSolid,2144,416,0004D7F0,0,1,1,4294967295,0,0
objSolid,2144,320,0032D863,0,1,1,4294967295,0,0
objSolid,-128,160,00162D96,0,1,1,4294967295,0,0
objSolid,-128,64,00205218,0,1,1,4294967295,0,0
objHall,-128,128,001D507C,0,1,1,4294967295,0,1
