objL1BG,64,0,0025884E,0,1,1,4294967295,0,0
objSolid,1280,544,0017E8B2,0,1,1,4294967295,0,0
objSolid,1312,544,0004FABE,0,1,1,4294967295,0,0
objSolid,1344,544,0029494D,0,1,1,4294967295,0,0
objSolid,1376,544,003D9DAA,0,1,1,4294967295,0,0
objSolid,1408,544,00322611,0,1,1,4294967295,0,0
objSolid,1440,544,000F40CC,0,1,1,4294967295,0,0
objSolid,1472,544,001084E6,0,1,1,4294967295,0,0
objSolid,1504,544,000E07DA,0,1,1,4294967295,0,0
objSolid,1536,544,002379D5,0,1,1,4294967295,0,0
objSolid,1568,544,000B080A,0,1,1,4294967295,0,0
objSolid,1600,544,0037101E,0,1,1,4294967295,0,0
objSolid,1632,544,0026EB34,0,1,1,4294967295,0,0
objSolid,1664,544,000B7526,0,1,1,4294967295,0,0
objSolid,1696,544,001EED47,0,1,1,4294967295,0,0
objSolid,1728,544,003B32B7,0,1,1,4294967295,0,0
objSolid,1760,544,0029D209,0,1,1,4294967295,0,0
objSolid,1792,544,002E424B,0,1,1,4294967295,0,0
objSolid,1824,544,001092BA,0,1,1,4294967295,0,0
objSolid,1856,544,002724A0,0,1,1,4294967295,0,0
objSolid,1888,512,001949E7,0,1,1,4294967295,0,0
objSolid,1888,480,00166FDD,0,1,1,4294967295,0,0
objSolid,1888,448,003F86D4,0,1,1,4294967295,0,0
objSolid,1856,416,000DAA22,0,1,1,4294967295,0,0
objSolid,1824,416,0015CFD2,0,1,1,4294967295,0,0
objSolid,1792,416,0024C1AA,0,1,1,4294967295,0,0
objSolid,1760,448,003609B3,0,1,1,4294967295,0,0
objSolid,1760,480,00220998,0,1,1,4294967295,0,0
objSolid,1728,480,0000AF62,0,1,1,4294967295,0,0
objSolid,1696,480,001AF374,0,1,1,4294967295,0,0
objSolid,1664,480,0034B560,0,1,1,4294967295,0,0
objSolid,1632,480,00251284,0,1,1,4294967295,0,0
objSolid,1600,480,000CFB73,0,1,1,4294967295,0,0
objSolid,1568,480,000A7630,0,1,1,4294967295,0,0
objSolid,1536,480,0021CCB7,0,1,1,4294967295,0,0
objSolid,1504,480,00145C01,0,1,1,4294967295,0,0
objSolid,1472,480,001334F1,0,1,1,4294967295,0,0
objSolid,1472,448,00162D9C,0,1,1,4294967295,0,0
objSolid,1440,416,001FF278,0,1,1,4294967295,0,0
objSolid,1408,416,00147771,0,1,1,4294967295,0,0
objSolid,1376,416,0011509A,0,1,1,4294967295,0,0
objSolid,1344,416,000B5036,0,1,1,4294967295,0,0
objSolid,1312,416,001844CB,0,1,1,4294967295,0,0
objSolid,1280,416,0021B322,0,1,1,4294967295,0,0
objSolid,1248,416,000C1BE2,0,1,1,4294967295,0,0
objSolid,1248,384,0025E564,0,1,1,4294967295,0,0
objSolid,1248,352,0018F5C6,0,1,1,4294967295,0,0
objSolid,1248,320,00231A79,0,1,1,4294967295,0,0
objSolid,1280,320,0019DFC8,0,1,1,4294967295,0,0
objSolid,1312,320,0020ACAC,0,1,1,4294967295,0,0
objSolid,1344,320,0035E763,0,1,1,4294967295,0,0
objSolid,1376,288,000A5482,0,1,1,4294967295,0,0
objSolid,1376,256,002CCC1E,0,1,1,4294967295,0,0
objSolid,1376,224,00074B20,0,1,1,4294967295,0,0
objSolid,1408,224,002A9195,0,1,1,4294967295,0,0
objSolid,1440,224,003BA2E6,0,1,1,4294967295,0,0
objSolid,1472,224,00049E7F,0,1,1,4294967295,0,0
objSolid,1504,224,000AADB2,0,1,1,4294967295,0,0
objSolid,1632,320,000DA99C,0,1,1,4294967295,0,0
objSolid,1664,320,0006887D,0,1,1,4294967295,0,0
objSolid,1696,320,003F99C2,0,1,1,4294967295,0,0
objSolid,1728,320,002B8CE2,0,1,1,4294967295,0,0
objSolid,1760,320,00336FEE,0,1,1,4294967295,0,0
objSolid,1792,320,0010A679,0,1,1,4294967295,0,0
objSolid,1824,320,000CCB47,0,1,1,4294967295,0,0
objSolid,1856,320,001E809C,0,1,1,4294967295,0,0
objSolid,1888,320,002D9191,0,1,1,4294967295,0,0
objSolid,1920,320,00143351,0,1,1,4294967295,0,0
objSolid,1952,320,00203D50,0,1,1,4294967295,0,0
objSolid,1984,288,001D6CC1,0,1,1,4294967295,0,0
objSolid,1984,256,002B3FC4,0,1,1,4294967295,0,0
objSolid,1984,224,0036437B,0,1,1,4294967295,0,0
objSolid,1984,192,0003EFCA,0,1,1,4294967295,0,0
objSolid,1984,160,00267CEB,0,1,1,4294967295,0,0
objSolid,1984,128,00033CB9,0,1,1,4294967295,0,0
objSolid,1984,96,00397F77,0,1,1,4294967295,0,0
objSolid,1984,64,000808AE,0,1,1,4294967295,0,0
objSolid,1984,32,003E917D,0,1,1,4294967295,0,0
objSolid,1984,0,000B7B08,0,1,1,4294967295,0,0
objSolid,1984,-32,002C5115,0,1,1,4294967295,0,0
objSolid,1984,-64,00109578,0,1,1,4294967295,0,0
objSolid,1984,-96,002E23FA,0,1,1,4294967295,0,0
objSolid,1152,320,00184F74,0,1,1,4294967295,0,0
objSolid,1152,352,00295145,0,1,1,4294967295,0,0
objSolid,1152,384,003AEB2A,0,1,1,4294967295,0,0
objSolid,1152,416,001D498A,0,1,1,4294967295,0,0
objSolid,1216,512,001501E6,0,1,1,4294967295,0,0
objSolid,1184,512,001C9CC8,0,1,1,4294967295,0,0
objSolid,1152,512,0020B591,0,1,1,4294967295,0,0
objSolid,1120,512,002F9849,0,1,1,4294967295,0,0
objSolid,1088,512,001E64DF,0,1,1,4294967295,0,0
objSolid,1056,480,0013C5C0,0,1,1,4294967295,0,0
objSolid,1056,448,00061F8D,0,1,1,4294967295,0,0
objSolid,1056,416,0006B043,0,1,1,4294967295,0,0
objSolid,1056,384,0030A24D,0,1,1,4294967295,0,0
objSolid,1056,352,0026192B,0,1,1,4294967295,0,0
objSolid,1056,320,0022E23E,0,1,1,4294967295,0,0
objSolid,1024,320,0034DB2F,0,1,1,4294967295,0,0
objSolid,864,448,002513B6,0,1,1,4294967295,0,0
objSolid,832,448,0010BA64,0,1,1,4294967295,0,0
objSolid,800,448,00046962,0,1,1,4294967295,0,0
objSolid,736,448,00204D5B,0,1,1,4294967295,0,0
objSolid,704,448,0003E435,0,1,1,4294967295,0,0
objSolid,672,448,000C1901,0,1,1,4294967295,0,0
objSolid,640,448,002F7572,0,1,1,4294967295,0,0
objSolid,608,448,001AD162,0,1,1,4294967295,0,0
objSolid,576,448,00235F56,0,1,1,4294967295,0,0
objSolid,768,448,00295C37,0,1,1,4294967295,0,0
objSolid,544,448,000AFE16,0,1,1,4294967295,0,0
objSolid,512,448,003F369E,0,1,1,4294967295,0,0
objSolid,480,448,001FD92E,0,1,1,4294967295,0,0
objSolid,448,448,001C7B76,0,1,1,4294967295,0,0
objSolid,416,448,00036553,0,1,1,4294967295,0,0
objSolid,384,448,0018A483,0,1,1,4294967295,0,0
objSolid,352,448,00144CA4,0,1,1,4294967295,0,0
objSolid,320,448,000A5E8D,0,1,1,4294967295,0,0
objSolid,288,448,003008A7,0,1,1,4294967295,0,0
objSolid,256,448,00184D59,0,1,1,4294967295,0,0
objSolid,224,448,003BDE30,0,1,1,4294967295,0,0
objSolid,192,448,001A8DCF,0,1,1,4294967295,0,0
objSolid,160,448,000F9FF8,0,1,1,4294967295,0,0
objSolid,128,448,003EA07B,0,1,1,4294967295,0,0
objSolid,96,448,000A5C7C,0,1,1,4294967295,0,0
objSolid,64,448,0007CE2F,0,1,1,4294967295,0,0
objSolid,32,416,000C50C9,0,1,1,4294967295,0,0
objSolid,32,384,0026589C,0,1,1,4294967295,0,0
objSolid,32,352,003A5552,0,1,1,4294967295,0,0
objSolid,32,320,001D9BAD,0,1,1,4294967295,0,0
objSolid,32,288,0013B402,0,1,1,4294967295,0,0
objSolid,32,256,00286115,0,1,1,4294967295,0,0
objSolid,32,224,0019BC7E,0,1,1,4294967295,0,0
objSolid,32,192,00367F7A,0,1,1,4294967295,0,0
objSolid,32,160,000685A2,0,1,1,4294967295,0,0
objSolid,32,128,0007E70C,0,1,1,4294967295,0,0
objSolid,32,96,000A077B,0,1,1,4294967295,0,0
objSolid,32,64,00194DEC,0,1,1,4294967295,0,0
objSolid,32,32,0039F463,0,1,1,4294967295,0,0
objSolid,32,0,00092F5C,0,1,1,4294967295,0,0
objSlopeL,896,416,0027EFF3,0,1,1,4294967295,0,0
objSlopeL,928,384,001C740E,0,1,1,4294967295,0,0
objSlopeL,960,352,0012E126,0,1,1,4294967295,0,0
objSlopeL,992,320,0020CB8E,0,1,1,4294967295,0,0
objSlopeR,1600,288,0036623E,0,1,1,4294967295,0,0
objSlopeR,1568,256,0011FF9A,0,1,1,4294967295,0,0
objSlopeR,1536,224,003A8EED,0,1,1,4294967295,0,0
objSlopeR,1248,512,0003E666,0,1,1,4294967295,0,0
objDestroyable,1184,320,001EA032,0,1,1,4294967295,0,0
objDestroyable,1216,320,0027370F,0,1,1,4294967295,0,0
objDestroyable,1184,352,0019346E,0,1,1,4294967295,0,0
objDestroyable,1216,352,0014B955,0,1,1,4294967295,0,0
objDestroyable,1216,384,00250D97,0,1,1,4294967295,0,0
objDestroyable,1184,384,0027E1BD,0,1,1,4294967295,0,0
objDestroyable,1184,416,003126CD,0,1,1,4294967295,0,0
objDestroyable,1216,416,002893B8,0,1,1,4294967295,0,0
objDestroyable,640,384,002457A1,0,1,1,4294967295,0,0
objDestroyable,608,384,003724F5,0,1,1,4294967295,0,0
objDestroyable,576,384,0030FDDB,0,1,1,4294967295,0,0
objDestroyable,544,384,0019F4C1,0,1,1,4294967295,0,0
objDestroyable,512,384,0001491A,0,1,1,4294967295,0,0
objDestroyable,480,384,001B5A1C,0,1,1,4294967295,0,0
objDestroyable,480,416,0030100B,0,1,1,4294967295,0,0
objDestroyable,512,416,001C700D,0,1,1,4294967295,0,0
objDestroyable,544,416,0028FA21,0,1,1,4294967295,0,0
objDestroyable,576,416,003F5C9D,0,1,1,4294967295,0,0
objDestroyable,608,416,002ACA9B,0,1,1,4294967295,0,0
objDestroyable,640,416,00188D97,0,1,1,4294967295,0,0
objSolid,480,352,003A451F,0,1,1,4294967295,0,0
objSolid,512,352,00137A03,0,1,1,4294967295,0,0
objSolid,544,352,002C9B54,0,1,1,4294967295,0,0
objSolid,576,352,0028FC57,0,1,1,4294967295,0,0
objSolid,608,352,0012352D,0,1,1,4294967295,0,0
objSolid,640,352,00140354,0,1,1,4294967295,0,0
objSolid,640,320,00214783,0,1,1,4294967295,0,0
objSolid,640,288,001DBE0F,0,1,1,4294967295,0,0
objSolid,640,256,003B14E8,0,1,1,4294967295,0,0
objSolid,640,224,000F3D45,0,1,1,4294967295,0,0
objSolid,640,192,000BD912,0,1,1,4294967295,0,0
objSolid,640,160,001D3A77,0,1,1,4294967295,0,0
objSolid,640,128,001177CE,0,1,1,4294967295,0,0
objSolid,640,96,003A136B,0,1,1,4294967295,0,0
objSolid,640,64,00099B42,0,1,1,4294967295,0,0
objSolid,640,32,003930B4,0,1,1,4294967295,0,0
objSolid,640,0,003D9E15,0,1,1,4294967295,0,0
objSolid,480,0,003FCA9E,0,1,1,4294967295,0,0
objSolid,480,32,0003FF2C,0,1,1,4294967295,0,0
objSolid,480,64,002DFDAB,0,1,1,4294967295,0,0
objSolid,480,96,0030CC66,0,1,1,4294967295,0,0
objSolid,480,128,00190246,0,1,1,4294967295,0,0
objSolid,480,160,001E7E90,0,1,1,4294967295,0,0
objSolid,480,192,000E33E3,0,1,1,4294967295,0,0
objSolid,480,224,00007945,0,1,1,4294967295,0,0
objSolid,480,256,002EE49F,0,1,1,4294967295,0,0
objSolid,480,288,0009957E,0,1,1,4294967295,0,0
objSolid,480,320,0035A5DC,0,1,1,4294967295,0,0
objDestroyable,1504,512,000AAC38,0,1,1,4294967295,0,0
objDestroyable,1536,512,001B34E6,0,1,1,4294967295,0,0
objDestroyable,1568,512,001735A8,0,1,1,4294967295,0,0
objDestroyable,1600,512,0034826D,0,1,1,4294967295,0,0
objDestroyable,1632,512,002E4605,0,1,1,4294967295,0,0
objDestroyable,1664,512,0023B981,0,1,1,4294967295,0,0
objDestroyable,1696,512,00266123,0,1,1,4294967295,0,0
objDestroyable,1728,512,0029AA60,0,1,1,4294967295,0,0
objSemiSolid,1088,416,0034ED42,0,1,1,4294967295,0,0
objSemiSolid,1120,416,00237AC7,0,1,1,4294967295,0,0
objSemiSolid,1120,320,00040EF2,0,1,1,4294967295,0,0
objSemiSolid,1088,320,00377BEE,0,1,1,4294967295,0,0
objSolid,32,-32,0028A34E,0,1,1,4294967295,0,0
objSolid,32,-64,0009A8AD,0,1,1,4294967295,0,0
objSolid,32,-96,00339F46,0,1,1,4294967295,0,0
objSolid,480,-32,0001BD6C,0,1,1,4294967295,0,0
objSolid,480,-64,0011B0EF,0,1,1,4294967295,0,0
objSolid,480,-96,00064D6C,0,1,1,4294967295,0,0
objSolid,480,-128,000DE676,0,1,1,4294967295,0,0
objSolid,32,-128,003AC16C,0,1,1,4294967295,0,0
objSolid,640,-32,00290CD6,0,1,1,4294967295,0,0
objSolid,640,-64,000C9959,0,1,1,4294967295,0,0
objSolid,640,-96,000EC905,0,1,1,4294967295,0,0
objSolid,640,-128,002C7048,0,1,1,4294967295,0,0
objSolid,1984,-128,0008CCB3,0,1,1,4294967295,0,0
