objL1BG,224,0,000D0176,0,1,1,4294967295,0,0
objSolid,1184,64,00307D4A,0,1,1,4294967295,0,0
objSolid,1184,32,0012711C,0,1,1,4294967295,0,0
objSolid,1184,0,00293D33,0,1,1,4294967295,0,0
objSolid,1184,-32,0034676E,0,1,1,4294967295,0,0
objSolid,1184,-64,000EC8C8,0,1,1,4294967295,0,0
objSolid,1184,-96,00028B7B,0,1,1,4294967295,0,0
objSolid,1184,96,00146F75,0,1,1,4294967295,0,0
objSolid,1184,128,0000FD37,0,1,1,4294967295,0,0
objSolid,1184,160,000BCBA8,0,1,1,4294967295,0,0
objSolid,1184,192,001EB696,0,1,1,4294967295,0,0
objSolid,1184,224,002E2A5E,0,1,1,4294967295,0,0
objSolid,1184,256,00212793,0,1,1,4294967295,0,0
objSolid,1184,288,001F5F07,0,1,1,4294967295,0,0
objSolid,1184,320,0023711A,0,1,1,4294967295,0,0
objSolid,1184,352,00221EE1,0,1,1,4294967295,0,0
objSolid,1184,384,00106549,0,1,1,4294967295,0,0
objSolid,1216,256,00351AA5,0,1,1,4294967295,0,0
objSolid,1248,256,00307753,0,1,1,4294967295,0,0
objSolid,1280,256,00280DF9,0,1,1,4294967295,0,0
objSolid,1312,256,002D59DE,0,1,1,4294967295,0,0
objSolid,1344,256,003F6D34,0,1,1,4294967295,0,0
objSolid,1376,256,003AFE57,0,1,1,4294967295,0,0
objSolid,1120,-64,0011C522,0,1,1,4294967295,0,0
objSolid,1120,-32,000EF8C7,0,1,1,4294967295,0,0
objSolid,1120,0,002B7688,0,1,1,4294967295,0,0
objSolid,1120,32,0037EB0C,0,1,1,4294967295,0,0
objSolid,1120,-96,0008460F,0,1,1,4294967295,0,0
objSolid,480,448,00233260,0,1,1,4294967295,0,0
objSolid,512,448,002BEEFE,0,1,1,4294967295,0,0
objSolid,544,448,00260A76,0,1,1,4294967295,0,0
objSolid,576,448,003D24B7,0,1,1,4294967295,0,0
objSolid,608,448,001D6745,0,1,1,4294967295,0,0
objSolid,640,448,0038F94C,0,1,1,4294967295,0,0
objSolid,640,416,0021FFAB,0,1,1,4294967295,0,0
objSolid,640,384,0021E182,0,1,1,4294967295,0,0
objSolid,640,352,000AEFB7,0,1,1,4294967295,0,0
objSolid,640,320,0021C9E0,0,1,1,4294967295,0,0
objSolid,672,288,00184E49,0,1,1,4294967295,0,0
objSolid,704,288,00378BED,0,1,1,4294967295,0,0
objSolid,736,288,00016808,0,1,1,4294967295,0,0
objSolid,768,288,002B518D,0,1,1,4294967295,0,0
objSolid,800,288,002829BE,0,1,1,4294967295,0,0
objSolid,832,288,003D5D07,0,1,1,4294967295,0,0
objSolid,864,320,0015A455,0,1,1,4294967295,0,0
objSolid,864,352,001CA133,0,1,1,4294967295,0,0
objSolid,896,352,0039BE4D,0,1,1,4294967295,0,0
objSolid,928,352,00231877,0,1,1,4294967295,0,0
objSolid,928,320,00086525,0,1,1,4294967295,0,0
objSolid,928,288,000C3068,0,1,1,4294967295,0,0
objSolid,896,288,001C16F9,0,1,1,4294967295,0,0
objSolid,864,256,00031FC4,0,1,1,4294967295,0,0
objSolid,832,224,00132B20,0,1,1,4294967295,0,0
objSolid,800,224,0015FD05,0,1,1,4294967295,0,0
objSolid,768,224,003F15BA,0,1,1,4294967295,0,0
objSolid,736,224,002F03D2,0,1,1,4294967295,0,0
objSolid,704,224,00312A84,0,1,1,4294967295,0,0
objSolid,672,224,000BCF73,0,1,1,4294967295,0,0
objSolid,640,224,003D816A,0,1,1,4294967295,0,0
objSolid,608,224,0024C660,0,1,1,4294967295,0,0
objSolid,576,224,001B5DC2,0,1,1,4294967295,0,0
objSolid,544,224,003E8E2E,0,1,1,4294967295,0,0
objSolid,512,224,0014A04E,0,1,1,4294967295,0,0
objSolid,480,224,001BCFC6,0,1,1,4294967295,0,0
objSolid,480,256,002DAC11,0,1,1,4294967295,0,0
objSolid,480,288,000D656C,0,1,1,4294967295,0,0
objSolid,480,320,0003E306,0,1,1,4294967295,0,0
objSolid,480,352,001EF978,0,1,1,4294967295,0,0
objSolid,480,384,0018ABA6,0,1,1,4294967295,0,0
objSolid,480,416,00043712,0,1,1,4294967295,0,0
objSolid,32,128,001C47A2,0,1,1,4294967295,0,0
objSolid,64,128,00140195,0,1,1,4294967295,0,0
objSolid,96,128,001A961F,0,1,1,4294967295,0,0
objSolid,128,128,000FC2A3,0,1,1,4294967295,0,0
objSolid,160,128,000CFF67,0,1,1,4294967295,0,0
objSolid,192,160,0009A52E,0,1,1,4294967295,0,0
objSolid,192,128,001204E6,0,1,1,4294967295,0,0
objSolid,0,128,002A1549,0,1,1,4294967295,0,0
objSolid,-32,128,003F542B,0,1,1,4294967295,0,0
objSolid,-64,128,0019BE32,0,1,1,4294967295,0,0
objSolid,-96,128,001323BC,0,1,1,4294967295,0,0
objSolid,0,32,00109945,0,1,1,4294967295,0,0
objSolid,-32,32,00255BB7,0,1,1,4294967295,0,0
objSolid,-96,32,00382611,0,1,1,4294967295,0,0
objSolid,-64,32,003B511F,0,1,1,4294967295,0,0
objSolid,32,32,00403544,0,1,1,4294967295,0,0
objSolid,64,32,0016A1AC,0,1,1,4294967295,0,0
objSolid,96,32,0016C257,0,1,1,4294967295,0,0
objSolid,128,32,002A23E1,0,1,1,4294967295,0,0
objSolid,160,32,001B91C3,0,1,1,4294967295,0,0
objSolid,192,32,003ABBB6,0,1,1,4294967295,0,0
objSolid,192,0,002F0D02,0,1,1,4294967295,0,0
objSolid,192,-32,0036DBC0,0,1,1,4294967295,0,0
objSolid,192,-64,00007B2A,0,1,1,4294967295,0,0
objSolid,192,-96,0031CDB6,0,1,1,4294967295,0,0
objSolid,192,-128,001B3533,0,1,1,4294967295,0,0
objSolid,192,192,0025DAA2,0,1,1,4294967295,0,0
objSolid,224,224,0031B377,0,1,1,4294967295,0,0
objSolid,256,224,002B1414,0,1,1,4294967295,0,0
objSolid,288,224,00143C0E,0,1,1,4294967295,0,0
objSolid,320,224,004037BF,0,1,1,4294967295,0,0
objSolid,352,224,00127EC2,0,1,1,4294967295,0,0
objSolid,384,224,0008315E,0,1,1,4294967295,0,0
objSolid,416,224,0036BC2D,0,1,1,4294967295,0,0
objSolid,416,256,00047CB6,0,1,1,4294967295,0,0
objSolid,416,288,00107732,0,1,1,4294967295,0,0
objSolid,416,320,001C04FB,0,1,1,4294967295,0,0
objSolid,416,352,002C8C40,0,1,1,4294967295,0,0
objSolid,416,384,0027646B,0,1,1,4294967295,0,0
objSolid,416,416,00362B2E,0,1,1,4294967295,0,0
objSolid,416,448,002CD7A8,0,1,1,4294967295,0,0
objSolid,448,544,002C4F8A,0,1,1,4294967295,0,0
objSolid,480,544,003048BE,0,1,1,4294967295,0,0
objSolid,512,544,001800BE,0,1,1,4294967295,0,0
objSolid,544,544,0014B89A,0,1,1,4294967295,0,0
objSolid,576,544,00378993,0,1,1,4294967295,0,0
objSolid,608,544,0036A222,0,1,1,4294967295,0,0
objSolid,640,544,0038DA99,0,1,1,4294967295,0,0
objSolid,672,544,001A7974,0,1,1,4294967295,0,0
objSolid,704,544,000E61A9,0,1,1,4294967295,0,0
objSolid,736,512,001AB9EC,0,1,1,4294967295,0,0
objSolid,736,480,0025443E,0,1,1,4294967295,0,0
objSolid,736,448,0017C47E,0,1,1,4294967295,0,0
objSolid,736,416,000B67AC,0,1,1,4294967295,0,0
objSolid,736,384,0032C29A,0,1,1,4294967295,0,0
objSolid,768,384,001988B2,0,1,1,4294967295,0,0
objSolid,768,416,00338804,0,1,1,4294967295,0,0
objSolid,800,448,0009B9D7,0,1,1,4294967295,0,0
objSolid,832,448,003D813E,0,1,1,4294967295,0,0
objSolid,864,448,000A9199,0,1,1,4294967295,0,0
objSolid,896,448,0030B641,0,1,1,4294967295,0,0
objSolid,928,448,0001E638,0,1,1,4294967295,0,0
objSolid,960,448,00336E3C,0,1,1,4294967295,0,0
objSolid,992,416,0019D51A,0,1,1,4294967295,0,0
objSolid,992,384,0036E85F,0,1,1,4294967295,0,0
objSolid,992,352,0004DB88,0,1,1,4294967295,0,0
objSolid,992,320,003CA47D,0,1,1,4294967295,0,0
objSolid,992,288,00098872,0,1,1,4294967295,0,0
objSolid,992,448,00038ABE,0,1,1,4294967295,0,0
objSolid,1024,480,0001521B,0,1,1,4294967295,0,0
objSolid,1056,480,0016BFFF,0,1,1,4294967295,0,0
objSolid,1088,480,002317A7,0,1,1,4294967295,0,0
objSolid,1120,480,0016BAEF,0,1,1,4294967295,0,0
objSolid,1152,480,003FA009,0,1,1,4294967295,0,0
objSolid,1280,480,0038C411,0,1,1,4294967295,0,0
objSolid,1312,480,0026445B,0,1,1,4294967295,0,0
objSolid,1376,480,000F044D,0,1,1,4294967295,0,0
objSolid,1344,480,000275DD,0,1,1,4294967295,0,0
objSolid,1248,480,001EBEC4,0,1,1,4294967295,0,0
objSolid,1216,480,00096353,0,1,1,4294967295,0,0
objSolid,1184,480,003FD5EC,0,1,1,4294967295,0,0
objSolid,1632,256,0037F675,0,1,1,4294967295,0,0
objSolid,1664,256,000E6663,0,1,1,4294967295,0,0
objSolid,1696,256,00360C90,0,1,1,4294967295,0,0
objSolid,1728,256,0021E892,0,1,1,4294967295,0,0
objSolid,1760,256,003FCD9E,0,1,1,4294967295,0,0
objSolid,1792,256,0034BCB8,0,1,1,4294967295,0,0
objSolid,1824,256,001C6B46,0,1,1,4294967295,0,0
objSolid,1856,256,000406D1,0,1,1,4294967295,0,0
objSolid,1888,256,001E89EE,0,1,1,4294967295,0,0
objSolid,1920,256,0005509B,0,1,1,4294967295,0,0
objSolid,1952,256,000515CE,0,1,1,4294967295,0,0
objSolid,1984,224,0010D73D,0,1,1,4294967295,0,0
objSolid,1984,192,001E5D31,0,1,1,4294967295,0,0
objSolid,1984,160,002DFB3B,0,1,1,4294967295,0,0
objSolid,1984,128,002C6FF9,0,1,1,4294967295,0,0
objSolid,1984,96,002A368D,0,1,1,4294967295,0,0
objSolid,1984,32,00350413,0,1,1,4294967295,0,0
objSolid,1984,64,000428A6,0,1,1,4294967295,0,0
objSolid,1984,0,003CB2B1,0,1,1,4294967295,0,0
objSolid,1984,-32,0000CB53,0,1,1,4294967295,0,0
objSolid,1984,-64,003F914F,0,1,1,4294967295,0,0
objSolid,1984,-96,0034A4ED,0,1,1,4294967295,0,0
objSolid,1984,-128,0005B9A2,0,1,1,4294967295,0,0
objSlopeL,1408,448,00058178,0,1,1,4294967295,0,0
objSlopeL,1440,416,0013053B,0,1,1,4294967295,0,0
objSlopeL,1472,384,0034C6B7,0,1,1,4294967295,0,0
objSlopeL,1504,352,00172B0B,0,1,1,4294967295,0,0
objSlopeL,1536,320,002C6342,0,1,1,4294967295,0,0
objSlopeL,1568,288,00062C65,0,1,1,4294967295,0,0
objSlopeL,1600,256,00060804,0,1,1,4294967295,0,0
objSemiSolid,1088,384,00021418,0,1,1,4294967295,0,0
objSemiSolid,1120,384,0024CAE7,0,1,1,4294967295,0,0
objSemiSolid,1152,384,002DB356,0,1,1,4294967295,0,0
objSemiSolid,960,352,002AF2EF,0,1,1,4294967295,0,0
objSemiSolid,672,448,0018F316,0,1,1,4294967295,0,0
objSemiSolid,704,448,003E685E,0,1,1,4294967295,0,0
objSolid,416,544,00275C2B,0,1,1,4294967295,0,0
objSolid,384,544,0031F35F,0,1,1,4294967295,0,0
objSolid,352,544,000EE08B,0,1,1,4294967295,0,0
objSolid,320,544,0007CAA6,0,1,1,4294967295,0,0
objSolid,288,544,000F1FC6,0,1,1,4294967295,0,0
objSolid,256,544,0010A4C3,0,1,1,4294967295,0,0
objSolid,224,544,0022095F,0,1,1,4294967295,0,0
objSolid,160,544,0014D87D,0,1,1,4294967295,0,0
objSolid,128,544,000A1C84,0,1,1,4294967295,0,0
objSolid,96,544,000773C5,0,1,1,4294967295,0,0
objSolid,64,544,0027C219,0,1,1,4294967295,0,0
objSolid,32,544,0028DECC,0,1,1,4294967295,0,0
objSolid,0,544,00120A69,0,1,1,4294967295,0,0
objSolid,192,544,002ED2CE,0,1,1,4294967295,0,0
objSolid,384,448,001FCA22,0,1,1,4294967295,0,0
objSolid,352,448,00109ED7,0,1,1,4294967295,0,0
objSolid,320,448,001EF0A9,0,1,1,4294967295,0,0
objSolid,288,448,00227E7E,0,1,1,4294967295,0,0
objSolid,256,448,001A5DD3,0,1,1,4294967295,0,0
objSolid,224,448,001DC2EE,0,1,1,4294967295,0,0
objSolid,192,448,0039D178,0,1,1,4294967295,0,0
objSolid,160,448,003BCF3D,0,1,1,4294967295,0,0
objSolid,128,448,0020DB6E,0,1,1,4294967295,0,0
objSolid,96,448,002D8350,0,1,1,4294967295,0,0
objSolid,64,448,000ED68C,0,1,1,4294967295,0,0
objSolid,32,448,0009468B,0,1,1,4294967295,0,0
objSolid,0,448,001FF9D0,0,1,1,4294967295,0,0
objSolid,-32,448,00260C9D,0,1,1,4294967295,0,0
objSolid,-64,448,001D2F3A,0,1,1,4294967295,0,0
objSolid,-96,448,001C39E5,0,1,1,4294967295,0,0
objSolid,-96,544,0038D1FB,0,1,1,4294967295,0,0
objSolid,-64,544,00286787,0,1,1,4294967295,0,0
objSolid,-32,544,002ADB15,0,1,1,4294967295,0,0
objSolid,-128,480,000D81AD,0,1,1,4294967295,0,0
objSolid,-128,512,002B9AA5,0,1,1,4294967295,0,0
objSecretDestroyable,0,480,0022E962,0,1,1,4294967295,0,0
objSecretDestroyable,32,480,00369474,0,1,1,4294967295,0,0
objSecretDestroyable,64,480,0004CE17,0,1,1,4294967295,0,0
objSecretDestroyable,96,480,000E178D,0,1,1,4294967295,0,0
objSecretDestroyable,128,480,003DAAF2,0,1,1,4294967295,0,0
objSecretDestroyable,160,480,002BE0E0,0,1,1,4294967295,0,0
objSecretDestroyable,192,480,001546ED,0,1,1,4294967295,0,0
objSecretDestroyable,224,480,00254111,0,1,1,4294967295,0,0
objSecretDestroyable,256,480,00158967,0,1,1,4294967295,0,0
objSecretDestroyable,288,480,0014DF43,0,1,1,4294967295,0,0
objSecretDestroyable,320,480,003532A7,0,1,1,4294967295,0,0
objSecretDestroyable,352,480,00357B6B,0,1,1,4294967295,0,0
objSecretDestroyable,384,480,0021D88F,0,1,1,4294967295,0,0
objSecretDestroyable,416,480,000673D7,0,1,1,4294967295,0,0
objSecretDestroyable,416,512,0013AC2D,0,1,1,4294967295,0,0
objSecretDestroyable,384,512,000145BC,0,1,1,4294967295,0,0
objSecretDestroyable,352,512,00121989,0,1,1,4294967295,0,0
objSecretDestroyable,320,512,0028D145,0,1,1,4294967295,0,0
objSecretDestroyable,288,512,00319527,0,1,1,4294967295,0,0
objSecretDestroyable,256,512,00123342,0,1,1,4294967295,0,0
objSecretDestroyable,224,512,000A4CCF,0,1,1,4294967295,0,0
objSecretDestroyable,192,512,000EA19A,0,1,1,4294967295,0,0
objSecretDestroyable,160,512,002BAA98,0,1,1,4294967295,0,0
objSecretDestroyable,128,512,001289A1,0,1,1,4294967295,0,0
objSecretDestroyable,96,512,000E2007,0,1,1,4294967295,0,0
objSecretDestroyable,64,512,000E40DD,0,1,1,4294967295,0,0
objSecretDestroyable,32,512,00326926,0,1,1,4294967295,0,0
objSecretDestroyable,0,512,002FA851,0,1,1,4294967295,0,0
objHall,-128,96,0007DECE,0,1,1,4294967295,0,1
objDestroyable,448,224,00057D04,0,1,1,4294967295,0,0
objDestroyable,448,256,003FD844,0,1,1,4294967295,0,0
objDestroyable,448,288,00220A52,0,1,1,4294967295,0,0
objDestroyable,448,320,003121EB,0,1,1,4294967295,0,0
objDestroyable,448,352,0032E928,0,1,1,4294967295,0,0
objDestroyable,448,384,00392F8C,0,1,1,4294967295,0,0
objDestroyable,448,416,0038694B,0,1,1,4294967295,0,0
objDestroyable,448,448,00055DA7,0,1,1,4294967295,0,0
