tilSecret,992,128,320,0,32,32,0,1,1,4294967295
tilSecret,960,128,320,0,32,32,0,1,1,4294967295
tilSecret,928,128,320,0,32,32,0,1,1,4294967295
tilSecret,896,128,320,0,32,32,0,1,1,4294967295
tilSecret,864,128,320,0,32,32,0,1,1,4294967295
tilSecret,832,128,320,0,32,32,0,1,1,4294967295
tilSecret,800,128,320,0,32,32,0,1,1,4294967295
tilSecret,768,128,320,0,32,32,0,1,1,4294967295
tilSecret,736,128,320,0,32,32,0,1,1,4294967295
tilSecret,704,128,320,0,32,32,0,1,1,4294967295
tilSecret,672,128,320,0,32,32,0,1,1,4294967295
tilSecret,672,32,288,96,32,32,0,1,1,4294967295
tilSecret,704,32,288,96,32,32,0,1,1,4294967295
tilSecret,736,32,288,96,32,32,0,1,1,4294967295
tilSecret,768,32,288,96,32,32,0,1,1,4294967295
tilSecret,800,32,288,96,32,32,0,1,1,4294967295
tilSecret,832,32,288,96,32,32,0,1,1,4294967295
tilSecret,864,32,288,96,32,32,0,1,1,4294967295
tilSecret,896,32,288,96,32,32,0,1,1,4294967295
tilSecret,928,32,288,96,32,32,0,1,1,4294967295
tilSecret,960,32,288,96,32,32,0,1,1,4294967295
tilSecret,992,32,288,96,32,32,0,1,1,4294967295
tilSecret,640,128,256,0,32,32,0,1,1,4294967295
tilSecret,640,160,256,32,32,32,0,1,1,4294967295
tilSecret,640,192,256,32,32,32,0,1,1,4294967295
tilSecret,544,224,256,0,32,32,0,1,1,4294967295
tilSecret,544,256,256,32,32,32,0,1,1,4294967295
tilSecret,544,288,256,32,32,32,0,1,1,4294967295
tilSecret,512,320,96,128,32,32,0,1,1,4294967295
tilSecret,512,416,96,128,32,32,0,1,1,4294967295
tilSecret,480,320,32,128,32,32,0,1,1,4294967295
tilSecret,480,416,32,128,32,32,0,1,1,4294967295
tilSecret,576,224,320,0,32,32,0,1,1,4294967295
tilSecret,608,224,320,0,32,32,0,1,1,4294967295
tilSecret,640,224,160,32,32,32,0,1,1,4294967295
tilSecret,544,320,256,32,32,32,0,1,1,4294967295
tilSecret,544,352,256,32,32,32,0,1,1,4294967295
tilSecret,544,384,256,32,32,32,0,1,1,4294967295
tilSecret,544,416,256,32,32,32,0,1,1,4294967295
tilSecret,544,448,256,32,32,32,0,1,1,4294967295
tilSecret,544,480,256,32,32,32,0,1,1,4294967295
tilSecret,512,512,320,0,32,32,0,1,1,4294967295
tilSecret,480,512,320,0,32,32,0,1,1,4294967295
tilSecret,448,512,320,0,32,32,0,1,1,4294967295
tilSecret,416,512,320,0,32,32,0,1,1,4294967295
tilSecret,384,512,320,0,32,32,0,1,1,4294967295
tilSecret,352,512,320,0,32,32,0,1,1,4294967295
tilSecret,640,32,288,96,32,32,0,1,1,4294967295
tilSecret,608,32,288,96,32,32,0,1,1,4294967295
tilSecret,576,32,288,96,32,32,0,1,1,4294967295
tilSecret,544,32,288,96,32,32,0,1,1,4294967295
tilSecret,512,32,288,96,32,32,0,1,1,4294967295
tilSecret,480,32,288,96,32,32,0,1,1,4294967295
tilSecret,448,32,288,96,32,32,0,1,1,4294967295
tilSecret,416,32,288,96,32,32,0,1,1,4294967295
tilSecret,384,32,288,96,32,32,0,1,1,4294967295
tilSecret,352,32,288,96,32,32,0,1,1,4294967295
tilSecret,320,32,288,96,32,32,0,1,1,4294967295
tilSecret,288,32,288,96,32,32,0,1,1,4294967295
tilSecret,256,32,288,96,32,32,0,1,1,4294967295
tilSecret,224,32,288,96,32,32,0,1,1,4294967295
tilSecret,544,512,160,32,32,32,0,1,1,4294967295
tilSecret,320,480,160,128,32,64,0,1,1,4294967295
tilSecret,288,448,160,128,32,64,0,1,1,4294967295
tilSecret,256,416,160,128,32,64,0,1,1,4294967295
tilSecret,224,384,160,128,32,64,0,1,1,4294967295
tilSecret,192,256,352,64,32,32,0,1,1,4294967295
tilSecret,192,224,352,64,32,32,0,1,1,4294967295
tilSecret,192,192,352,64,32,32,0,1,1,4294967295
tilSecret,192,160,352,64,32,32,0,1,1,4294967295
tilSecret,192,128,352,64,32,32,0,1,1,4294967295
tilSecret,192,96,352,64,32,32,0,1,1,4294967295
tilSecret,192,64,352,64,32,32,0,1,1,4294967295
tilSecret,192,32,192,64,32,32,0,1,1,4294967295
tilSecret,928,512,320,0,32,32,0,1,1,4294967295
tilSecret,896,512,320,0,32,32,0,1,1,4294967295
tilSecret,992,448,256,32,32,32,0,1,1,4294967295
tilSecret,992,416,256,32,32,32,0,1,1,4294967295
tilSecret,864,416,352,96,32,32,0,1,1,4294967295
tilSecret,832,448,352,64,32,32,0,1,1,4294967295
tilSecret,832,480,352,64,32,32,0,1,1,4294967295
tilSecret,864,512,320,0,32,32,0,1,1,4294967295
tilSecret,864,384,192,64,32,32,0,1,1,4294967295
tilSecret,832,416,192,64,32,32,0,1,1,4294967295
tilSecret,832,512,192,32,32,32,0,1,1,4294967295
tilSecret,160,192,288,64,32,32,0,1,1,4294967295
tilSecret,128,192,288,64,32,32,0,1,1,4294967295
tilSecret,96,192,288,64,32,32,0,1,1,4294967295
tilSecret,64,192,288,64,32,32,0,1,1,4294967295
tilSecret,32,192,288,64,32,32,0,1,1,4294967295
tilSecret,32,160,288,64,32,32,0,1,1,4294967295
tilSecret,32,128,288,64,32,32,0,1,1,4294967295
tilSecret,32,96,288,64,32,32,0,1,1,4294967295
tilSecret,32,64,288,64,32,32,0,1,1,4294967295
tilSecret,32,32,288,64,32,32,0,1,1,4294967295
tilSecret,64,32,288,64,32,32,0,1,1,4294967295
tilSecret,96,32,288,64,32,32,0,1,1,4294967295
tilSecret,128,32,288,64,32,32,0,1,1,4294967295
tilSecret,160,32,288,64,32,32,0,1,1,4294967295
tilSecret,160,64,288,64,32,32,0,1,1,4294967295
tilSecret,128,64,288,64,32,32,0,1,1,4294967295
tilSecret,96,64,288,64,32,32,0,1,1,4294967295
tilSecret,64,64,288,64,32,32,0,1,1,4294967295
tilSecret,64,96,288,64,32,32,0,1,1,4294967295
tilSecret,64,128,288,64,32,32,0,1,1,4294967295
tilSecret,96,160,288,64,32,32,0,1,1,4294967295
tilSecret,64,160,288,64,32,32,0,1,1,4294967295
tilSecret,96,128,288,64,32,32,0,1,1,4294967295
tilSecret,96,96,288,64,32,32,0,1,1,4294967295
tilSecret,128,96,288,64,32,32,0,1,1,4294967295
tilSecret,160,96,288,64,32,32,0,1,1,4294967295
tilSecret,160,128,288,64,32,32,0,1,1,4294967295
tilSecret,160,160,288,64,32,32,0,1,1,4294967295
tilSecret,128,160,288,64,32,32,0,1,1,4294967295
tilSecret,128,128,288,64,32,32,0,1,1,4294967295
tilSecret,0,0,288,64,32,32,0,1,1,4294967295
tilSecret,32,0,288,64,32,32,0,1,1,4294967295
tilSecret,64,0,288,64,32,32,0,1,1,4294967295
tilSecret,96,0,288,64,32,32,0,1,1,4294967295
tilSecret,128,0,288,64,32,32,0,1,1,4294967295
tilSecret,160,0,288,64,32,32,0,1,1,4294967295
tilSecret,192,0,288,64,32,32,0,1,1,4294967295
tilSecret,224,0,288,64,32,32,0,1,1,4294967295
tilSecret,256,0,288,64,32,32,0,1,1,4294967295
tilSecret,288,0,288,64,32,32,0,1,1,4294967295
tilSecret,320,0,288,64,32,32,0,1,1,4294967295
tilSecret,352,0,288,64,32,32,0,1,1,4294967295
tilSecret,384,0,288,64,32,32,0,1,1,4294967295
tilSecret,416,0,288,64,32,32,0,1,1,4294967295
tilSecret,448,0,288,64,32,32,0,1,1,4294967295
tilSecret,480,0,288,64,32,32,0,1,1,4294967295
tilSecret,512,0,288,64,32,32,0,1,1,4294967295
tilSecret,544,0,288,64,32,32,0,1,1,4294967295
tilSecret,576,0,288,64,32,32,0,1,1,4294967295
tilSecret,608,0,288,64,32,32,0,1,1,4294967295
tilSecret,640,0,288,64,32,32,0,1,1,4294967295
tilSecret,672,0,288,64,32,32,0,1,1,4294967295
tilSecret,704,0,288,64,32,32,0,1,1,4294967295
tilSecret,736,0,288,64,32,32,0,1,1,4294967295
tilSecret,768,0,288,64,32,32,0,1,1,4294967295
tilSecret,800,0,288,64,32,32,0,1,1,4294967295
tilSecret,832,0,288,64,32,32,0,1,1,4294967295
tilSecret,864,0,288,64,32,32,0,1,1,4294967295
tilSecret,896,0,288,64,32,32,0,1,1,4294967295
tilSecret,928,0,288,64,32,32,0,1,1,4294967295
tilSecret,960,0,288,64,32,32,0,1,1,4294967295
tilSecret,992,0,288,64,32,32,0,1,1,4294967295
tilSecret,0,32,288,64,32,32,0,1,1,4294967295
tilSecret,0,64,288,64,32,32,0,1,1,4294967295
tilSecret,0,96,288,64,32,32,0,1,1,4294967295
tilSecret,0,128,288,64,32,32,0,1,1,4294967295
tilSecret,0,160,288,64,32,32,0,1,1,4294967295
tilSecret,0,192,288,64,32,32,0,1,1,4294967295
tilSecret,0,224,288,64,32,32,0,1,1,4294967295
tilSecret,0,256,288,64,32,32,0,1,1,4294967295
tilSecret,0,288,288,64,32,32,0,1,1,4294967295
tilSecret,0,320,288,64,32,32,0,1,1,4294967295
tilSecret,0,352,288,64,32,32,0,1,1,4294967295
tilSecret,0,384,288,64,32,32,0,1,1,4294967295
tilSecret,0,416,288,64,32,32,0,1,1,4294967295
tilSecret,32,416,288,64,32,32,0,1,1,4294967295
tilSecret,64,416,288,64,32,32,0,1,1,4294967295
tilSecret,96,416,288,64,32,32,0,1,1,4294967295
tilSecret,128,416,288,64,32,32,0,1,1,4294967295
tilSecret,160,416,288,64,32,32,0,1,1,4294967295
tilSecret,192,416,288,64,32,32,0,1,1,4294967295
tilSecret,192,448,288,64,32,32,0,1,1,4294967295
tilSecret,224,448,288,64,32,32,0,1,1,4294967295
tilSecret,224,480,288,64,32,32,0,1,1,4294967295
tilSecret,256,480,288,64,32,32,0,1,1,4294967295
tilSecret,256,512,288,64,32,32,0,1,1,4294967295
tilSecret,288,512,288,64,32,32,0,1,1,4294967295
tilSecret,288,544,288,64,32,32,0,1,1,4294967295
tilSecret,320,544,288,64,32,32,0,1,1,4294967295
tilSecret,352,544,288,64,32,32,0,1,1,4294967295
tilSecret,384,544,288,64,32,32,0,1,1,4294967295
tilSecret,416,544,288,64,32,32,0,1,1,4294967295
tilSecret,448,544,288,64,32,32,0,1,1,4294967295
tilSecret,480,544,288,64,32,32,0,1,1,4294967295
tilSecret,512,544,288,64,32,32,0,1,1,4294967295
tilSecret,544,544,288,64,32,32,0,1,1,4294967295
tilSecret,576,544,288,64,32,32,0,1,1,4294967295
tilSecret,608,544,288,64,32,32,0,1,1,4294967295
tilSecret,640,544,288,64,32,32,0,1,1,4294967295
tilSecret,672,544,288,64,32,32,0,1,1,4294967295
tilSecret,672,512,288,64,32,32,0,1,1,4294967295
tilSecret,640,512,288,64,32,32,0,1,1,4294967295
tilSecret,608,512,288,64,32,32,0,1,1,4294967295
tilSecret,576,512,288,64,32,32,0,1,1,4294967295
tilSecret,576,480,288,64,32,32,0,1,1,4294967295
tilSecret,608,480,288,64,32,32,0,1,1,4294967295
tilSecret,640,480,288,64,32,32,0,1,1,4294967295
tilSecret,672,480,288,64,32,32,0,1,1,4294967295
tilSecret,704,480,288,64,32,32,0,1,1,4294967295
tilSecret,736,480,288,64,32,32,0,1,1,4294967295
tilSecret,768,480,288,64,32,32,0,1,1,4294967295
tilSecret,800,480,288,64,32,32,0,1,1,4294967295
tilSecret,800,448,288,64,32,32,0,1,1,4294967295
tilSecret,768,448,288,64,32,32,0,1,1,4294967295
tilSecret,736,448,288,64,32,32,0,1,1,4294967295
tilSecret,704,448,288,64,32,32,0,1,1,4294967295
tilSecret,672,448,288,64,32,32,0,1,1,4294967295
tilSecret,640,448,288,64,32,32,0,1,1,4294967295
tilSecret,608,448,288,64,32,32,0,1,1,4294967295
tilSecret,576,448,288,64,32,32,0,1,1,4294967295
tilSecret,576,416,288,64,32,32,0,1,1,4294967295
tilSecret,608,416,288,64,32,32,0,1,1,4294967295
tilSecret,672,416,288,64,32,32,0,1,1,4294967295
tilSecret,704,416,288,64,32,32,0,1,1,4294967295
tilSecret,736,416,288,64,32,32,0,1,1,4294967295
tilSecret,768,416,288,64,32,32,0,1,1,4294967295
tilSecret,800,416,288,64,32,32,0,1,1,4294967295
tilSecret,800,384,288,64,32,32,0,1,1,4294967295
tilSecret,832,384,288,64,32,32,0,1,1,4294967295
tilSecret,832,352,288,64,32,32,0,1,1,4294967295
tilSecret,864,352,288,64,32,32,0,1,1,4294967295
tilSecret,992,320,288,64,32,32,0,1,1,4294967295
tilSecret,960,320,288,64,32,32,0,1,1,4294967295
tilSecret,928,320,288,64,32,32,0,1,1,4294967295
tilSecret,896,320,288,64,32,32,0,1,1,4294967295
tilSecret,896,288,288,64,32,32,0,1,1,4294967295
tilSecret,928,288,288,64,32,32,0,1,1,4294967295
tilSecret,960,288,288,64,32,32,0,1,1,4294967295
tilSecret,992,288,288,64,32,32,0,1,1,4294967295
tilSecret,992,256,288,64,32,32,0,1,1,4294967295
tilSecret,992,224,288,64,32,32,0,1,1,4294967295
tilSecret,992,192,288,64,32,32,0,1,1,4294967295
tilSecret,992,160,288,64,32,32,0,1,1,4294967295
tilSecret,960,160,288,64,32,32,0,1,1,4294967295
tilSecret,928,160,288,64,32,32,0,1,1,4294967295
tilSecret,896,160,288,64,32,32,0,1,1,4294967295
tilSecret,864,160,288,64,32,32,0,1,1,4294967295
tilSecret,832,160,288,64,32,32,0,1,1,4294967295
tilSecret,800,160,288,64,32,32,0,1,1,4294967295
tilSecret,768,160,288,64,32,32,0,1,1,4294967295
tilSecret,736,160,288,64,32,32,0,1,1,4294967295
tilSecret,672,160,288,64,32,32,0,1,1,4294967295
tilSecret,704,160,288,64,32,32,0,1,1,4294967295
tilSecret,704,192,288,64,32,32,0,1,1,4294967295
tilSecret,736,192,288,64,32,32,0,1,1,4294967295
tilSecret,768,192,288,64,32,32,0,1,1,4294967295
tilSecret,800,192,288,64,32,32,0,1,1,4294967295
tilSecret,832,192,288,64,32,32,0,1,1,4294967295
tilSecret,864,192,288,64,32,32,0,1,1,4294967295
tilSecret,896,192,288,64,32,32,0,1,1,4294967295
tilSecret,928,192,288,64,32,32,0,1,1,4294967295
tilSecret,960,192,288,64,32,32,0,1,1,4294967295
tilSecret,960,224,288,64,32,32,0,1,1,4294967295
tilSecret,928,224,288,64,32,32,0,1,1,4294967295
tilSecret,896,224,288,64,32,32,0,1,1,4294967295
tilSecret,864,224,288,64,32,32,0,1,1,4294967295
tilSecret,832,224,288,64,32,32,0,1,1,4294967295
tilSecret,800,224,288,64,32,32,0,1,1,4294967295
tilSecret,768,224,288,64,32,32,0,1,1,4294967295
tilSecret,736,224,288,64,32,32,0,1,1,4294967295
tilSecret,704,224,288,64,32,32,0,1,1,4294967295
tilSecret,672,224,288,64,32,32,0,1,1,4294967295
tilSecret,672,192,288,64,32,32,0,1,1,4294967295
tilSecret,576,256,288,64,32,32,0,1,1,4294967295
tilSecret,608,256,288,64,32,32,0,1,1,4294967295
tilSecret,640,256,288,64,32,32,0,1,1,4294967295
tilSecret,640,288,288,64,32,32,0,1,1,4294967295
tilSecret,576,288,288,64,32,32,0,1,1,4294967295
tilSecret,576,320,288,64,32,32,0,1,1,4294967295
tilSecret,576,352,288,64,32,32,0,1,1,4294967295
tilSecret,576,384,288,64,32,32,0,1,1,4294967295
tilSecret,608,384,288,64,32,32,0,1,1,4294967295
tilSecret,608,352,288,64,32,32,0,1,1,4294967295
tilSecret,608,288,288,64,32,32,0,1,1,4294967295
tilSecret,608,320,288,64,32,32,0,1,1,4294967295
tilSecret,640,416,288,64,32,32,0,1,1,4294967295
tilSecret,736,352,288,64,32,32,0,1,1,4294967295
tilSecret,768,384,288,64,32,32,0,1,1,4294967295
tilSecret,736,384,288,64,32,32,0,1,1,4294967295
tilSecret,704,384,288,64,32,32,0,1,1,4294967295
tilSecret,672,384,288,64,32,32,0,1,1,4294967295
tilSecret,640,384,288,64,32,32,0,1,1,4294967295
tilSecret,640,352,288,64,32,32,0,1,1,4294967295
tilSecret,672,352,288,64,32,32,0,1,1,4294967295
tilSecret,704,352,288,64,32,32,0,1,1,4294967295
tilSecret,768,352,288,64,32,32,0,1,1,4294967295
tilSecret,800,352,288,64,32,32,0,1,1,4294967295
tilSecret,832,320,288,64,32,32,0,1,1,4294967295
tilSecret,864,320,288,64,32,32,0,1,1,4294967295
tilSecret,864,288,288,64,32,32,0,1,1,4294967295
tilSecret,896,256,288,64,32,32,0,1,1,4294967295
tilSecret,960,256,288,64,32,32,0,1,1,4294967295
tilSecret,928,256,288,64,32,32,0,1,1,4294967295
tilSecret,864,256,288,64,32,32,0,1,1,4294967295
tilSecret,832,256,288,64,32,32,0,1,1,4294967295
tilSecret,800,256,288,64,32,32,0,1,1,4294967295
tilSecret,768,256,288,64,32,32,0,1,1,4294967295
tilSecret,736,256,288,64,32,32,0,1,1,4294967295
tilSecret,704,256,288,64,32,32,0,1,1,4294967295
tilSecret,672,256,288,64,32,32,0,1,1,4294967295
tilSecret,672,288,288,64,32,32,0,1,1,4294967295
tilSecret,704,288,288,64,32,32,0,1,1,4294967295
tilSecret,736,288,288,64,32,32,0,1,1,4294967295
tilSecret,768,288,288,64,32,32,0,1,1,4294967295
tilSecret,832,288,288,64,32,32,0,1,1,4294967295
tilSecret,800,288,288,64,32,32,0,1,1,4294967295
tilSecret,800,320,288,64,32,32,0,1,1,4294967295
tilSecret,640,320,288,64,32,32,0,1,1,4294967295
tilSecret,672,320,288,64,32,32,0,1,1,4294967295
tilSecret,704,320,288,64,32,32,0,1,1,4294967295
tilSecret,736,320,288,64,32,32,0,1,1,4294967295
tilSecret,768,320,288,64,32,32,0,1,1,4294967295
tilSecret,704,512,288,64,32,32,0,1,1,4294967295
tilSecret,736,512,288,64,32,32,0,1,1,4294967295
tilSecret,768,512,288,64,32,32,0,1,1,4294967295
tilSecret,800,512,288,64,32,32,0,1,1,4294967295
tilSecret,800,544,288,64,32,32,0,1,1,4294967295
tilSecret,768,544,288,64,32,32,0,1,1,4294967295
tilSecret,736,544,288,64,32,32,0,1,1,4294967295
tilSecret,704,544,288,64,32,32,0,1,1,4294967295
tilSecret,832,544,288,64,32,32,0,1,1,4294967295
tilSecret,864,544,288,64,32,32,0,1,1,4294967295
tilSecret,896,544,288,64,32,32,0,1,1,4294967295
tilSecret,928,544,288,64,32,32,0,1,1,4294967295
tilSecret,960,544,288,64,32,32,0,1,1,4294967295
tilSecret,992,544,288,64,32,32,0,1,1,4294967295
tilSecret,992,576,288,64,32,32,0,1,1,4294967295
tilSecret,960,576,288,64,32,32,0,1,1,4294967295
tilSecret,928,576,288,64,32,32,0,1,1,4294967295
tilSecret,896,576,288,64,32,32,0,1,1,4294967295
tilSecret,864,576,288,64,32,32,0,1,1,4294967295
tilSecret,832,576,288,64,32,32,0,1,1,4294967295
tilSecret,800,576,288,64,32,32,0,1,1,4294967295
tilSecret,768,576,288,64,32,32,0,1,1,4294967295
tilSecret,736,576,288,64,32,32,0,1,1,4294967295
tilSecret,704,576,288,64,32,32,0,1,1,4294967295
tilSecret,672,576,288,64,32,32,0,1,1,4294967295
tilSecret,640,576,288,64,32,32,0,1,1,4294967295
tilSecret,608,576,288,64,32,32,0,1,1,4294967295
tilSecret,576,576,288,64,32,32,0,1,1,4294967295
tilSecret,544,576,288,64,32,32,0,1,1,4294967295
tilSecret,512,576,288,64,32,32,0,1,1,4294967295
tilSecret,480,576,288,64,32,32,0,1,1,4294967295
tilSecret,448,576,288,64,32,32,0,1,1,4294967295
tilSecret,416,576,288,64,32,32,0,1,1,4294967295
tilSecret,384,576,288,64,32,32,0,1,1,4294967295
tilSecret,352,576,288,64,32,32,0,1,1,4294967295
tilSecret,320,576,288,64,32,32,0,1,1,4294967295
tilSecret,288,576,288,64,32,32,0,1,1,4294967295
tilSecret,288,608,288,64,32,32,0,1,1,4294967295
tilSecret,320,608,288,64,32,32,0,1,1,4294967295
tilSecret,352,608,288,64,32,32,0,1,1,4294967295
tilSecret,384,608,288,64,32,32,0,1,1,4294967295
tilSecret,416,608,288,64,32,32,0,1,1,4294967295
tilSecret,448,608,288,64,32,32,0,1,1,4294967295
tilSecret,480,608,288,64,32,32,0,1,1,4294967295
tilSecret,512,608,288,64,32,32,0,1,1,4294967295
tilSecret,544,608,288,64,32,32,0,1,1,4294967295
tilSecret,576,608,288,64,32,32,0,1,1,4294967295
tilSecret,608,608,288,64,32,32,0,1,1,4294967295
tilSecret,640,608,288,64,32,32,0,1,1,4294967295
tilSecret,672,608,288,64,32,32,0,1,1,4294967295
tilSecret,704,608,288,64,32,32,0,1,1,4294967295
tilSecret,736,608,288,64,32,32,0,1,1,4294967295
tilSecret,768,608,288,64,32,32,0,1,1,4294967295
tilSecret,800,608,288,64,32,32,0,1,1,4294967295
tilSecret,832,608,288,64,32,32,0,1,1,4294967295
tilSecret,864,608,288,64,32,32,0,1,1,4294967295
tilSecret,896,608,288,64,32,32,0,1,1,4294967295
tilSecret,928,608,288,64,32,32,0,1,1,4294967295
tilSecret,960,608,288,64,32,32,0,1,1,4294967295
tilSecret,992,608,288,64,32,32,0,1,1,4294967295
tilSecret,160,448,288,64,32,32,0,1,1,4294967295
tilSecret,128,448,288,64,32,32,0,1,1,4294967295
tilSecret,96,448,288,64,32,32,0,1,1,4294967295
tilSecret,64,448,288,64,32,32,0,1,1,4294967295
tilSecret,32,448,288,64,32,32,0,1,1,4294967295
tilSecret,0,448,288,64,32,32,0,1,1,4294967295
tilSecret,0,480,288,64,32,32,0,1,1,4294967295
tilSecret,32,480,288,64,32,32,0,1,1,4294967295
tilSecret,64,480,288,64,32,32,0,1,1,4294967295
tilSecret,96,480,288,64,32,32,0,1,1,4294967295
tilSecret,128,480,288,64,32,32,0,1,1,4294967295
tilSecret,160,480,288,64,32,32,0,1,1,4294967295
tilSecret,192,480,288,64,32,32,0,1,1,4294967295
tilSecret,224,512,288,64,32,32,0,1,1,4294967295
tilSecret,224,544,288,64,32,32,0,1,1,4294967295
tilSecret,256,544,288,64,32,32,0,1,1,4294967295
tilSecret,256,576,288,64,32,32,0,1,1,4294967295
tilSecret,256,608,288,64,32,32,0,1,1,4294967295
tilSecret,224,608,288,64,32,32,0,1,1,4294967295
tilSecret,224,576,288,64,32,32,0,1,1,4294967295
tilSecret,192,576,288,64,32,32,0,1,1,4294967295
tilSecret,192,544,288,64,32,32,0,1,1,4294967295
tilSecret,192,512,288,64,32,32,0,1,1,4294967295
tilSecret,160,512,288,64,32,32,0,1,1,4294967295
tilSecret,128,512,288,64,32,32,0,1,1,4294967295
tilSecret,96,512,288,64,32,32,0,1,1,4294967295
tilSecret,64,512,288,64,32,32,0,1,1,4294967295
tilSecret,32,512,288,64,32,32,0,1,1,4294967295
tilSecret,0,512,288,64,32,32,0,1,1,4294967295
tilSecret,0,544,288,64,32,32,0,1,1,4294967295
tilSecret,0,576,288,64,32,32,0,1,1,4294967295
tilSecret,0,608,288,64,32,32,0,1,1,4294967295
tilSecret,32,608,288,64,32,32,0,1,1,4294967295
tilSecret,64,608,288,64,32,32,0,1,1,4294967295
tilSecret,96,608,288,64,32,32,0,1,1,4294967295
tilSecret,128,608,288,64,32,32,0,1,1,4294967295
tilSecret,160,608,288,64,32,32,0,1,1,4294967295
tilSecret,192,608,288,64,32,32,0,1,1,4294967295
tilSecret,160,576,288,64,32,32,0,1,1,4294967295
tilSecret,160,544,288,64,32,32,0,1,1,4294967295
tilSecret,128,544,288,64,32,32,0,1,1,4294967295
tilSecret,96,544,288,64,32,32,0,1,1,4294967295
tilSecret,64,544,288,64,32,32,0,1,1,4294967295
tilSecret,32,544,288,64,32,32,0,1,1,4294967295
tilSecret,32,576,288,64,32,32,0,1,1,4294967295
tilSecret,64,576,288,64,32,32,0,1,1,4294967295
tilSecret,96,576,288,64,32,32,0,1,1,4294967295
tilSecret,128,576,288,64,32,32,0,1,1,4294967295
tilSecret,192,352,352,64,32,32,0,1,1,4294967295
tilSecret,192,320,352,64,32,32,0,1,1,4294967295
tilSecret,192,288,352,64,32,32,0,1,1,4294967295
tilSecret,192,384,160,160,32,32,0,1,1,4294967295
tilSecret,960,480,128,128,32,64,0,1,1,4294967295
tilSecret,992,480,128,160,32,32,0,1,1,4294967295
tilSecret,992,512,288,64,32,32,0,1,1,4294967295
tilSecret,896,384,352,96,32,32,0,1,1,4294967295
tilSecret,992,384,256,32,32,32,0,1,1,4294967295
tilSecret,928,352,288,96,32,32,0,1,1,4294967295
tilSecret,960,352,288,96,32,32,0,1,1,4294967295
tilSecret,992,352,160,64,32,32,0,1,1,4294967295
tilSecret,896,352,192,64,32,32,0,1,1,4294967295
tilSecret,32,256,352,64,32,32,0,1,1,4294967295
tilSecret,32,288,352,64,32,32,0,1,1,4294967295
tilSecret,32,320,352,64,32,32,0,1,1,4294967295
tilSecret,32,352,352,64,32,32,0,1,1,4294967295
tilSecret,128,384,320,0,32,32,0,1,1,4294967295
tilSecret,96,384,320,0,32,32,0,1,1,4294967295
tilSecret,64,384,320,0,32,32,0,1,1,4294967295
tilSecret,160,352,256,32,32,32,0,1,1,4294967295
tilSecret,160,320,256,32,32,32,0,1,1,4294967295
tilSecret,160,288,256,32,32,32,0,1,1,4294967295
tilSecret,160,256,256,32,32,32,0,1,1,4294967295
tilSecret,128,224,288,96,32,32,0,1,1,4294967295
tilSecret,96,224,288,96,32,32,0,1,1,4294967295
tilSecret,64,224,288,96,32,32,0,1,1,4294967295
tilSecret,32,224,192,64,32,32,0,1,1,4294967295
tilSecret,32,384,192,32,32,32,0,1,1,4294967295
tilSecret,160,384,160,32,32,32,0,1,1,4294967295
tilSecret,160,224,160,64,32,32,0,1,1,4294967295
