objSlopeR,224,384,00082131,0,1,1,4294967295,0,0
objSlopeR,256,416,000C26A6,0,1,1,4294967295,0,0
objSlopeR,288,448,002EB612,0,1,1,4294967295,0,0
objSlopeR,320,480,0026B3A5,0,1,1,4294967295,0,0
objSolid,352,512,0025BD95,0,1,1,4294967295,0,0
objSolid,384,512,0004C64F,0,1,1,4294967295,0,0
objSolid,416,512,002EECFB,0,1,1,4294967295,0,0
objSolid,448,512,001A6574,0,1,1,4294967295,0,0
objSolid,480,512,00257FD6,0,1,1,4294967295,0,0
objSolid,512,512,00162EA1,0,1,1,4294967295,0,0
objSolid,544,512,00094503,0,1,1,4294967295,0,0
objSolid,608,512,00363E0E,0,1,1,4294967295,0,0
objSolid,640,512,0037D11D,0,1,1,4294967295,0,0
objSolid,672,512,003A086B,0,1,1,4294967295,0,0
objSolid,704,512,00128011,0,1,1,4294967295,0,0
objSolid,736,512,0032B494,0,1,1,4294967295,0,0
objSolid,768,512,00398510,0,1,1,4294967295,0,0
objSolid,576,512,0028CE4D,0,1,1,4294967295,0,0
objSolid,800,512,0012EABC,0,1,1,4294967295,0,0
objSolid,832,512,0026A32A,0,1,1,4294967295,0,0
objSolid,864,512,000B6296,0,1,1,4294967295,0,0
objSolid,896,512,00305D0A,0,1,1,4294967295,0,0
objSolid,928,512,0031F59E,0,1,1,4294967295,0,0
objSolid,992,384,003289DB,0,1,1,4294967295,0,0
objSolid,992,448,003959D0,0,1,1,4294967295,0,0
objSolid,992,416,001DB875,0,1,1,4294967295,0,0
objSolid,960,352,000C1E6D,0,1,1,4294967295,0,0
objSolid,928,352,00347EF5,0,1,1,4294967295,0,0
objSolid,896,384,002A7CCE,0,1,1,4294967295,0,0
objSolid,864,416,002E3B93,0,1,1,4294967295,0,0
objSolid,544,320,002D6D08,0,1,1,4294967295,0,0
objSolid,832,448,00025A63,0,1,1,4294967295,0,0
objSolid,800,448,00105EA6,0,1,1,4294967295,0,0
objSolid,768,448,0033796B,0,1,1,4294967295,0,0
objSolid,736,448,00083D97,0,1,1,4294967295,0,0
objSolid,704,448,0025C3E0,0,1,1,4294967295,0,0
objSolid,672,448,001C04ED,0,1,1,4294967295,0,0
objSolid,640,448,00393AC1,0,1,1,4294967295,0,0
objSolid,608,448,002FAE93,0,1,1,4294967295,0,0
objSolid,576,448,002EEF32,0,1,1,4294967295,0,0
objSolid,544,448,00301955,0,1,1,4294967295,0,0
objSolid,544,416,00250501,0,1,1,4294967295,0,0
objSolid,544,384,001B81B1,0,1,1,4294967295,0,0
objSolid,544,352,0029C5E3,0,1,1,4294967295,0,0
objSolid,544,288,003257E1,0,1,1,4294967295,0,0
objSolid,544,256,00391C9E,0,1,1,4294967295,0,0
objSolid,576,224,00046393,0,1,1,4294967295,0,0
objSolid,544,224,002981FA,0,1,1,4294967295,0,0
objSolid,608,224,0025C608,0,1,1,4294967295,0,0
objSolid,640,192,0023FD2C,0,1,1,4294967295,0,0
objSolid,640,160,003BE9B2,0,1,1,4294967295,0,0
objSolid,672,128,001045F9,0,1,1,4294967295,0,0
objSolid,640,128,0002125E,0,1,1,4294967295,0,0
objSolid,704,128,0024F853,0,1,1,4294967295,0,0
objSolid,736,128,003FFEF7,0,1,1,4294967295,0,0
objSolid,768,128,000DF83E,0,1,1,4294967295,0,0
objSolid,832,128,0007FBD7,0,1,1,4294967295,0,0
objSolid,864,128,0039F378,0,1,1,4294967295,0,0
objSolid,896,128,002109F4,0,1,1,4294967295,0,0
objSolid,928,128,0000A2EE,0,1,1,4294967295,0,0
objSolid,960,128,003BF37E,0,1,1,4294967295,0,0
objSolid,992,128,0018C893,0,1,1,4294967295,0,0
objSolid,1024,128,000DA2D8,0,1,1,4294967295,0,0
objSolid,1056,128,000F4823,0,1,1,4294967295,0,0
objSolid,1088,128,001F8959,0,1,1,4294967295,0,0
objSolid,800,128,003C2DA2,0,1,1,4294967295,0,0
objSolid,1088,32,00048CC8,0,1,1,4294967295,0,0
objSolid,1024,32,003B5031,0,1,1,4294967295,0,0
objSolid,1056,32,001DD64E,0,1,1,4294967295,0,0
objSolid,192,384,00309F83,0,1,1,4294967295,0,0
objSolid,160,384,00211E2B,0,1,1,4294967295,0,0
objSolid,128,384,003A6363,0,1,1,4294967295,0,0
objSolid,96,384,002B928B,0,1,1,4294967295,0,0
objSolid,64,384,00359CAB,0,1,1,4294967295,0,0
objSolid,32,352,0036EF61,0,1,1,4294967295,0,0
objSolid,32,320,00391CF7,0,1,1,4294967295,0,0
objSolid,32,288,00283EE1,0,1,1,4294967295,0,0
objSolid,32,256,003E73FC,0,1,1,4294967295,0,0
objSolid,64,224,00148E7F,0,1,1,4294967295,0,0
objSolid,96,224,00053941,0,1,1,4294967295,0,0
objSolid,128,224,0034D201,0,1,1,4294967295,0,0
objSolid,160,288,00265210,0,1,1,4294967295,0,0
objSolid,160,256,000729F2,0,1,1,4294967295,0,0
objSolid,192,288,00246308,0,1,1,4294967295,0,0
objSolid,192,256,0032E280,0,1,1,4294967295,0,0
objSolid,192,224,002F9769,0,1,1,4294967295,0,0
objSolid,192,192,0008973E,0,1,1,4294967295,0,0
objSolid,192,160,00147327,0,1,1,4294967295,0,0
objSolid,192,128,001C0747,0,1,1,4294967295,0,0
objSolid,192,96,0031E950,0,1,1,4294967295,0,0
objSolid,192,64,00169B5F,0,1,1,4294967295,0,0
objSolid,224,32,001BF9A2,0,1,1,4294967295,0,0
objSolid,256,32,00167D99,0,1,1,4294967295,0,0
objSolid,288,32,003DB330,0,1,1,4294967295,0,0
objSolid,320,32,000CB727,0,1,1,4294967295,0,0
objSolid,352,32,0026CBA0,0,1,1,4294967295,0,0
objSolid,384,32,0015DDD1,0,1,1,4294967295,0,0
objSolid,416,32,003D57D9,0,1,1,4294967295,0,0
objSolid,448,32,0038D411,0,1,1,4294967295,0,0
objSolid,480,32,00066E3D,0,1,1,4294967295,0,0
objSolid,512,32,00282042,0,1,1,4294967295,0,0
objSolid,544,32,0030DF10,0,1,1,4294967295,0,0
objSolid,576,32,002F0C70,0,1,1,4294967295,0,0
objSolid,608,32,003866B7,0,1,1,4294967295,0,0
objSolid,640,32,001C78CF,0,1,1,4294967295,0,0
objSolid,672,32,002E30CC,0,1,1,4294967295,0,0
objSolid,704,32,00386B71,0,1,1,4294967295,0,0
objSolid,736,32,00220520,0,1,1,4294967295,0,0
objSolid,768,32,0004B634,0,1,1,4294967295,0,0
objSolid,800,32,0020D89A,0,1,1,4294967295,0,0
objSolid,832,32,003DEF32,0,1,1,4294967295,0,0
objSolid,864,32,000BAD14,0,1,1,4294967295,0,0
objSolid,896,32,001E87A9,0,1,1,4294967295,0,0
objSolid,928,32,0015346F,0,1,1,4294967295,0,0
objSolid,960,32,002B3DD7,0,1,1,4294967295,0,0
objSolid,992,32,00272248,0,1,1,4294967295,0,0
objSecretDestroyable,544,480,00123B27,0,1,1,4294967295,0,0
objSecretDestroyable,576,480,000C8A85,0,1,1,4294967295,0,0
objSecretDestroyable,608,480,0009D7ED,0,1,1,4294967295,0,0
objSecretDestroyable,640,480,000076C8,0,1,1,4294967295,0,0
objSecretDestroyable,672,480,0009B7E0,0,1,1,4294967295,0,0
objSecretDestroyable,704,480,00109E66,0,1,1,4294967295,0,0
objSecretDestroyable,736,480,000540A3,0,1,1,4294967295,0,0
objSecretDestroyable,768,480,00281E04,0,1,1,4294967295,0,0
objSecretDestroyable,800,480,002C62E5,0,1,1,4294967295,0,0
objSecretDestroyable,832,480,0009EF33,0,1,1,4294967295,0,0
objSemiSolid,480,416,000BBD94,0,1,1,4294967295,0,0
objSemiSolid,512,416,0016B53D,0,1,1,4294967295,0,0
objSemiSolid,512,320,0003D163,0,1,1,4294967295,0,0
objSemiSolid,480,320,0027ABC7,0,1,1,4294967295,0,0
objSecretDestroyable,160,320,0003216E,0,1,1,4294967295,0,0
objSecretDestroyable,192,320,003A9462,0,1,1,4294967295,0,0
objSecretDestroyable,192,352,002561D6,0,1,1,4294967295,0,0
objSecretDestroyable,160,352,0006968A,0,1,1,4294967295,0,0
objSlopeL,960,480,002EAE7D,0,1,1,4294967295,0,0
objHall,1120,96,0002A179,0,1,1,4294967295,0,1
objSolid,1120,128,00184EAD,0,1,1,4294967295,0,0
objSolid,1120,32,001A22DC,0,1,1,4294967295,0,0
